2 0.048438 0.525000 0.056250 0.066667
1 0.034375 0.588542 0.056250 0.064583
1 0.050000 0.648958 0.056250 0.064583
0 0.044531 0.608333 0.067187 0.154167
2 0.223438 0.523958 0.046875 0.060417
2 0.214062 0.581250 0.050000 0.062500
1 0.222656 0.641667 0.051562 0.062500
0 0.217969 0.605208 0.067187 0.143750
2 0.396094 0.635417 0.045312 0.058333
0 0.391406 0.602083 0.060937 0.141667
1 0.550000 0.523958 0.043750 0.060417
2 0.560937 0.580208 0.043750 0.056250
2 0.550781 0.630208 0.045312 0.056250
0 0.554688 0.593750 0.059375 0.129167
1 0.737500 0.621875 0.040625 0.056250
0 0.736719 0.588542 0.057813 0.127083
