2 0.158594 0.506250 0.051562 0.066667
1 0.142969 0.569792 0.054688 0.060417
1 0.156250 0.622917 0.050000 0.062500
0 0.153906 0.584375 0.064062 0.147917
2 0.322656 0.506250 0.042188 0.062500
2 0.310156 0.564583 0.048438 0.062500
1 0.318750 0.620833 0.046875 0.058333
0 0.315625 0.585417 0.065625 0.141667
2 0.482812 0.617708 0.043750 0.056250
0 0.481250 0.585417 0.062500 0.137500
1 0.640625 0.513542 0.046875 0.060417
2 0.650781 0.567708 0.042188 0.052083
2 0.639844 0.614583 0.045312 0.054167
0 0.644531 0.583333 0.057813 0.133333
1 0.833594 0.613542 0.048438 0.056250
0 0.834375 0.581250 0.059375 0.133333
