0 0.214062 0.569792 0.068750 0.143750
1 0.206250 0.551042 0.050000 0.060417
1 0.222656 0.607292 0.045312 0.056250
0 0.374219 0.561458 0.067187 0.143750
2 0.371094 0.539583 0.045312 0.058333
1 0.379688 0.594792 0.043750 0.056250
0 0.538281 0.555208 0.064062 0.139583
2 0.540625 0.589583 0.043750 0.058333
0 0.703906 0.547917 0.060937 0.137500
1 0.697656 0.477083 0.045312 0.058333
2 0.708594 0.529167 0.042188 0.058333
2 0.699219 0.584375 0.042188 0.052083
0 0.900000 0.540625 0.065625 0.131250
2 0.901563 0.468750 0.046875 0.058333
2 0.894531 0.525000 0.045312 0.054167
1 0.903906 0.576042 0.042188 0.052083
