1 0.153906 0.546875 0.045312 0.056250
1 0.168750 0.604167 0.050000 0.058333
0 0.161719 0.567708 0.064062 0.143750
2 0.320312 0.537500 0.046875 0.062500
1 0.329688 0.595833 0.046875 0.058333
0 0.325000 0.558333 0.062500 0.137500
2 0.493750 0.583333 0.043750 0.054167
0 0.489844 0.550000 0.060937 0.137500
1 0.648438 0.472917 0.043750 0.058333
2 0.660156 0.525000 0.042188 0.054167
2 0.652344 0.575000 0.042188 0.058333
0 0.656250 0.541667 0.059375 0.133333
2 0.847656 0.463542 0.045312 0.056250
2 0.839844 0.515625 0.042188 0.052083
1 0.849219 0.567708 0.045312 0.052083
0 0.845313 0.528125 0.062500 0.135417
