1 0.100000 0.555208 0.043750 0.060417
1 0.116406 0.613542 0.048438 0.056250
0 0.109375 0.575000 0.065625 0.150000
2 0.272656 0.544792 0.048438 0.060417
1 0.282813 0.603125 0.046875 0.060417
0 0.276562 0.567708 0.062500 0.139583
2 0.448437 0.594792 0.046875 0.056250
0 0.445312 0.561458 0.059375 0.139583
1 0.604688 0.485417 0.043750 0.062500
2 0.617969 0.536458 0.042188 0.060417
2 0.604688 0.586458 0.043750 0.052083
0 0.610938 0.554167 0.056250 0.133333
2 0.798438 0.476042 0.040625 0.056250
2 0.791406 0.530208 0.042188 0.052083
1 0.800000 0.579167 0.043750 0.050000
0 0.799219 0.543750 0.060937 0.129167
