0 0.533594 0.800000 0.082812 0.261111
1 0.944141 0.836111 0.066406 0.102778
1 0.757031 0.840278 0.057813 0.102778
1 0.543359 0.756250 0.057031 0.101389
1 0.310547 0.646528 0.060156 0.101389
2 0.080469 0.756250 0.071875 0.112500
2 0.941797 0.653472 0.066406 0.098611
2 0.090234 0.859028 0.072656 0.115278
2 0.524609 0.657639 0.061719 0.106944
1 0.527734 0.859722 0.058594 0.108333
0 0.301172 0.795139 0.099219 0.270833
1 0.772656 0.750000 0.060937 0.097222
0 0.762500 0.787500 0.085938 0.252778
0 0.936719 0.781944 0.093750 0.233333
2 0.300391 0.859028 0.060156 0.106944
1 0.294531 0.750000 0.064062 0.108333
0 0.083594 0.798611 0.100000 0.269444
1 0.930859 0.737500 0.063281 0.097222
