0 0.544922 0.713889 0.091406 0.258333
0 0.119922 0.665972 0.097656 0.254167
0 0.319531 0.686111 0.089063 0.244444
2 0.542188 0.582639 0.059375 0.101389
2 0.319922 0.747917 0.058594 0.101389
0 0.949609 0.756250 0.097656 0.245833
1 0.555859 0.678472 0.057031 0.098611
1 0.333594 0.551389 0.057813 0.094444
1 0.536719 0.776389 0.057813 0.105556
2 0.115625 0.625000 0.062500 0.097222
1 0.953906 0.809028 0.067187 0.101389
1 0.317578 0.643750 0.058594 0.101389
2 0.962891 0.631944 0.069531 0.100000
2 0.123047 0.725000 0.064844 0.105556
1 0.784375 0.702083 0.062500 0.098611
1 0.763672 0.790278 0.058594 0.102778
1 0.946875 0.712500 0.070312 0.102778
0 0.771484 0.735417 0.082031 0.245833
