0 0.602344 0.748611 0.056250 0.180556
2 0.453516 0.813194 0.042969 0.079167
1 0.442578 0.738889 0.038281 0.069444
1 0.450781 0.670139 0.039062 0.070833
2 0.745703 0.776389 0.041406 0.069444
1 0.071875 0.780556 0.053125 0.083333
2 0.608984 0.723611 0.039844 0.069444
2 0.748437 0.709722 0.040625 0.066667
1 0.601562 0.793750 0.040625 0.073611
0 0.746875 0.734028 0.059375 0.170833
1 0.273047 0.836111 0.044531 0.080556
2 0.595703 0.660417 0.038281 0.068056
1 0.085156 0.860417 0.054688 0.087500
0 0.078906 0.812500 0.075000 0.205556
0 0.274219 0.790278 0.064062 0.191667
0 0.448437 0.768750 0.057813 0.187500
