1 0.685156 0.856250 0.043750 0.079167
2 0.852344 0.777778 0.046875 0.075000
1 0.516797 0.781250 0.038281 0.070833
1 0.525781 0.713889 0.039062 0.069444
2 0.677734 0.713194 0.041406 0.070833
2 0.692187 0.782639 0.043750 0.070833
1 0.351953 0.863889 0.042969 0.080556
2 0.527734 0.861111 0.042969 0.080556
1 0.184766 0.868750 0.047656 0.081944
0 0.180469 0.823611 0.067187 0.191667
1 0.175781 0.792361 0.045312 0.076389
2 0.849219 0.852778 0.048438 0.077778
0 0.686328 0.806250 0.064844 0.201389
0 0.851172 0.806250 0.067969 0.190278
0 0.523438 0.812500 0.057813 0.194444
0 0.354687 0.815972 0.065625 0.184722
