1 0.526172 0.690972 0.038281 0.070833
2 0.851953 0.756250 0.049219 0.073611
1 0.516406 0.757639 0.039062 0.070833
1 0.684375 0.831250 0.043750 0.076389
2 0.691016 0.759028 0.042969 0.070833
2 0.678125 0.692361 0.040625 0.070833
1 0.186719 0.837500 0.048438 0.080556
1 0.177344 0.763889 0.046875 0.075000
2 0.527344 0.834028 0.043750 0.079167
2 0.847656 0.829861 0.048438 0.076389
0 0.683984 0.784028 0.064844 0.190278
1 0.352344 0.836111 0.042188 0.077778
0 0.852734 0.780556 0.083594 0.180556
0 0.182422 0.796528 0.066406 0.184722
0 0.523438 0.787500 0.062500 0.188889
0 0.356641 0.788194 0.063281 0.184722
