1 0.529297 0.737500 0.038281 0.072222
2 0.682813 0.742361 0.040625 0.073611
2 0.697656 0.812500 0.043750 0.075000
1 0.691016 0.884722 0.042969 0.077778
1 0.178906 0.804167 0.046875 0.075000
2 0.860156 0.810417 0.048438 0.073611
1 0.520312 0.806250 0.040625 0.070833
0 0.692187 0.837500 0.062500 0.194444
0 0.860547 0.838889 0.069531 0.188889
0 0.526953 0.837500 0.058594 0.197222
1 0.353906 0.883333 0.042188 0.077778
1 0.185547 0.881944 0.047656 0.080556
2 0.859375 0.886111 0.050000 0.077778
2 0.531250 0.884722 0.043750 0.080556
0 0.182422 0.837500 0.071094 0.191667
0 0.357031 0.842361 0.060937 0.193056
