1 0.502344 0.693750 0.039062 0.070833
2 0.664062 0.770833 0.042188 0.072222
1 0.492578 0.763889 0.039844 0.069444
0 0.815234 0.800694 0.066406 0.181944
0 0.658984 0.795139 0.061719 0.190278
2 0.818750 0.773611 0.045312 0.072222
2 0.815234 0.845139 0.046094 0.076389
1 0.153906 0.833333 0.050000 0.080556
1 0.146875 0.758333 0.050000 0.077778
0 0.498047 0.791667 0.057031 0.188889
2 0.502734 0.837500 0.042969 0.080556
1 0.657031 0.842361 0.042188 0.073611
2 0.651563 0.703472 0.040625 0.070833
1 0.325000 0.836111 0.043750 0.077778
0 0.152734 0.786111 0.071094 0.191667
0 0.328125 0.792361 0.064062 0.184722
