1 0.514844 0.688889 0.039062 0.069444
1 0.166406 0.659028 0.046875 0.073611
2 0.663281 0.734028 0.042188 0.073611
2 0.829688 0.849306 0.048438 0.073611
2 0.818750 0.920833 0.048438 0.077778
1 0.498437 0.753472 0.040625 0.070833
2 0.671484 0.806250 0.044531 0.073611
1 0.167187 0.733333 0.046875 0.080556
2 0.503125 0.831250 0.043750 0.076389
1 0.657813 0.873611 0.043750 0.077778
0 0.167969 0.690278 0.071875 0.180556
0 0.501172 0.784722 0.074219 0.194444
1 0.330859 0.782639 0.042969 0.079167
0 0.664844 0.834722 0.065625 0.188889
0 0.824219 0.879861 0.078125 0.193056
0 0.337109 0.739583 0.080469 0.193056
