1 0.464844 0.784028 0.039062 0.070833
2 0.621875 0.715278 0.039062 0.069444
0 0.777734 0.804167 0.060156 0.177778
2 0.777734 0.847222 0.042969 0.072222
2 0.781641 0.778472 0.042969 0.070833
1 0.291016 0.871528 0.046094 0.081944
1 0.474219 0.717361 0.039062 0.070833
2 0.303516 0.801389 0.044531 0.072222
2 0.634375 0.782639 0.040625 0.073611
1 0.626563 0.854167 0.040625 0.075000
2 0.475781 0.862500 0.042188 0.080556
2 0.771875 0.713194 0.040625 0.070833
2 0.296094 0.733333 0.045312 0.077778
0 0.109375 0.830556 0.084375 0.208333
1 0.100781 0.800000 0.051562 0.086111
0 0.629297 0.807639 0.057031 0.184722
0 0.296484 0.824306 0.066406 0.187500
0 0.471094 0.814583 0.057813 0.193056
1 0.111328 0.880556 0.050781 0.086111
2 0.123828 0.722917 0.052344 0.084722
