1 0.462109 0.781250 0.039844 0.070833
2 0.773828 0.848611 0.042969 0.072222
1 0.472656 0.713889 0.039062 0.069444
2 0.471484 0.859028 0.041406 0.079167
2 0.302344 0.795139 0.042188 0.068056
1 0.623047 0.853472 0.041406 0.073611
2 0.777734 0.779861 0.042969 0.068056
2 0.768359 0.714583 0.042969 0.070833
2 0.294531 0.725000 0.045312 0.077778
2 0.630469 0.781250 0.040625 0.068056
2 0.119922 0.715278 0.053906 0.086111
1 0.286328 0.865278 0.046094 0.083333
2 0.619531 0.715278 0.039062 0.069444
1 0.105859 0.870139 0.052344 0.087500
0 0.293359 0.820833 0.069531 0.188889
0 0.625781 0.810417 0.060937 0.184722
0 0.105469 0.822222 0.085938 0.197222
0 0.467969 0.812500 0.060937 0.186111
0 0.776172 0.806250 0.063281 0.173611
1 0.096484 0.793750 0.052344 0.084722
