2 0.816406 0.792361 0.045312 0.070833
1 0.653125 0.850694 0.042188 0.076389
0 0.812109 0.817361 0.063281 0.179167
1 0.150391 0.818750 0.050781 0.081944
2 0.650781 0.711806 0.040625 0.070833
2 0.661719 0.781250 0.042188 0.070833
1 0.142187 0.743750 0.048438 0.079167
1 0.501172 0.696528 0.039844 0.070833
2 0.325391 0.697222 0.044531 0.075000
2 0.808203 0.723611 0.046094 0.075000
1 0.489453 0.765278 0.039844 0.069444
0 0.655859 0.806250 0.061719 0.187500
2 0.810156 0.860417 0.045312 0.076389
1 0.319531 0.831250 0.045312 0.079167
2 0.161328 0.671528 0.050781 0.081944
2 0.498437 0.840972 0.043750 0.081944
2 0.335156 0.767361 0.042188 0.059722
0 0.495312 0.796528 0.059375 0.184722
0 0.325781 0.781250 0.073438 0.187500
0 0.149219 0.771528 0.078125 0.204167
