2 0.794531 0.740278 0.043750 0.072222
1 0.305469 0.811806 0.043750 0.079167
2 0.633594 0.672222 0.039062 0.069444
1 0.635938 0.808333 0.040625 0.072222
2 0.484766 0.809028 0.041406 0.076389
2 0.789062 0.806250 0.043750 0.073611
2 0.785937 0.673611 0.043750 0.072222
1 0.476172 0.736111 0.038281 0.072222
2 0.644141 0.737500 0.041406 0.072222
1 0.123828 0.736111 0.049219 0.083333
1 0.487109 0.667361 0.038281 0.068056
2 0.319141 0.745139 0.042969 0.070833
1 0.133984 0.812500 0.049219 0.080556
2 0.312109 0.677083 0.044531 0.073611
2 0.146484 0.662500 0.050781 0.080556
0 0.309766 0.767361 0.067969 0.187500
0 0.482422 0.762500 0.057031 0.183333
0 0.638672 0.761806 0.060156 0.181944
0 0.789453 0.761806 0.063281 0.179167
0 0.131641 0.763194 0.075781 0.201389
