0 0.050781 0.656250 0.073438 0.154167
0 0.223438 0.645833 0.068750 0.150000
0 0.396094 0.635417 0.060937 0.137500
0 0.562500 0.626042 0.062500 0.131250
0 0.742969 0.615625 0.057813 0.122917
1 0.744531 0.647917 0.039062 0.054167
1 0.555469 0.557292 0.042188 0.056250
1 0.228125 0.682292 0.046875 0.064583
1 0.042188 0.634375 0.053125 0.064583
1 0.057031 0.695833 0.051562 0.062500
2 0.053125 0.570833 0.050000 0.066667
2 0.228906 0.562500 0.048438 0.062500
2 0.219531 0.622917 0.048438 0.062500
2 0.399219 0.669792 0.045312 0.056250
2 0.566406 0.609375 0.039062 0.052083
2 0.556250 0.660417 0.040625 0.050000
