2 0.231250 0.515625 0.046875 0.064583
1 0.218750 0.576042 0.050000 0.064583
1 0.232031 0.629167 0.048438 0.058333
0 0.226562 0.591667 0.065625 0.145833
2 0.390625 0.513542 0.046875 0.060417
2 0.382031 0.570833 0.045312 0.058333
1 0.389062 0.627083 0.046875 0.058333
0 0.385156 0.588542 0.064062 0.139583
2 0.549219 0.625000 0.045312 0.054167
0 0.546094 0.590625 0.060937 0.139583
1 0.707031 0.516667 0.045312 0.062500
2 0.718750 0.572917 0.040625 0.054167
2 0.707031 0.622917 0.042188 0.054167
0 0.712500 0.589583 0.062500 0.137500
1 0.907031 0.618750 0.045312 0.058333
0 0.907813 0.585417 0.065625 0.137500
