2 0.238281 0.510417 0.045312 0.058333
1 0.221875 0.569792 0.050000 0.060417
1 0.235156 0.623958 0.051562 0.060417
0 0.232031 0.584375 0.060937 0.143750
2 0.395313 0.512500 0.046875 0.062500
2 0.386719 0.567708 0.048438 0.060417
1 0.392969 0.623958 0.048438 0.056250
0 0.389844 0.587500 0.060937 0.141667
2 0.555469 0.623958 0.045312 0.060417
0 0.553125 0.587500 0.062500 0.137500
1 0.714844 0.517708 0.045312 0.060417
2 0.724219 0.571875 0.042188 0.056250
2 0.714063 0.625000 0.043750 0.058333
0 0.718750 0.590625 0.062500 0.139583
1 0.913281 0.625000 0.045312 0.058333
0 0.913281 0.588542 0.064062 0.135417
