2 0.112500 0.497917 0.050000 0.070833
1 0.100781 0.557292 0.054688 0.064583
1 0.110937 0.615625 0.056250 0.060417
0 0.108594 0.575000 0.067187 0.154167
2 0.281250 0.496875 0.046875 0.060417
2 0.271875 0.555208 0.050000 0.060417
1 0.278906 0.609375 0.048438 0.060417
0 0.275000 0.576042 0.065625 0.143750
2 0.446875 0.611458 0.043750 0.060417
0 0.442969 0.576042 0.064062 0.139583
1 0.603906 0.506250 0.045312 0.066667
2 0.614062 0.557292 0.040625 0.056250
2 0.602344 0.610417 0.042188 0.058333
0 0.607812 0.576042 0.059375 0.135417
1 0.790625 0.607292 0.043750 0.060417
0 0.791406 0.576042 0.060937 0.135417
