0 0.217969 0.565625 0.067187 0.143750
1 0.209375 0.543750 0.046875 0.058333
1 0.226562 0.602083 0.046875 0.058333
0 0.377344 0.556250 0.064062 0.141667
2 0.374219 0.533333 0.045312 0.062500
1 0.382031 0.591667 0.045312 0.054167
0 0.541406 0.547917 0.060937 0.137500
2 0.543750 0.582292 0.043750 0.056250
0 0.707812 0.538542 0.062500 0.135417
1 0.701562 0.467708 0.043750 0.060417
2 0.713281 0.520833 0.042188 0.058333
2 0.703906 0.575000 0.042188 0.054167
0 0.903125 0.529167 0.065625 0.133333
2 0.906250 0.458333 0.046875 0.058333
2 0.899219 0.515625 0.045312 0.052083
1 0.907813 0.566667 0.040625 0.050000
