1 0.157031 0.593750 0.048438 0.062500
1 0.167969 0.651042 0.048438 0.060417
0 0.161719 0.614583 0.060937 0.141667
2 0.321094 0.585417 0.048438 0.058333
1 0.331250 0.643750 0.046875 0.062500
0 0.325781 0.608333 0.064062 0.141667
2 0.495312 0.635417 0.043750 0.058333
0 0.491406 0.602083 0.060937 0.137500
1 0.649219 0.528125 0.045312 0.064583
2 0.661719 0.581250 0.045312 0.058333
2 0.652344 0.630208 0.042188 0.056250
0 0.656250 0.595833 0.065625 0.137500
2 0.849219 0.519792 0.042188 0.056250
2 0.840625 0.571875 0.046875 0.052083
1 0.853906 0.622917 0.045312 0.058333
0 0.846094 0.586458 0.070312 0.135417
