1 0.196094 0.546875 0.051562 0.060417
1 0.203906 0.606250 0.048438 0.062500
0 0.198437 0.567708 0.062500 0.147917
2 0.352344 0.539583 0.045312 0.058333
1 0.362500 0.598958 0.046875 0.060417
0 0.358594 0.561458 0.060937 0.139583
2 0.525781 0.590625 0.042188 0.056250
0 0.522656 0.557292 0.060937 0.139583
1 0.681250 0.480208 0.046875 0.060417
2 0.694531 0.533333 0.042188 0.058333
2 0.684375 0.583333 0.043750 0.054167
0 0.686719 0.550000 0.060937 0.133333
2 0.885938 0.472917 0.043750 0.058333
2 0.876563 0.529167 0.040625 0.058333
1 0.885156 0.578125 0.048438 0.056250
0 0.885938 0.543750 0.062500 0.133333
