1 0.171094 0.547917 0.045312 0.058333
1 0.184375 0.607292 0.046875 0.064583
0 0.179688 0.570833 0.065625 0.145833
2 0.334375 0.537500 0.046875 0.058333
1 0.343750 0.595833 0.043750 0.062500
0 0.339062 0.560417 0.062500 0.137500
2 0.507812 0.589583 0.043750 0.058333
0 0.502344 0.554167 0.060937 0.137500
1 0.664844 0.478125 0.042188 0.064583
2 0.675000 0.527083 0.043750 0.054167
2 0.664062 0.581250 0.043750 0.054167
0 0.669531 0.546875 0.060937 0.135417
2 0.863281 0.467708 0.042188 0.056250
2 0.856250 0.519792 0.046875 0.052083
1 0.864844 0.570833 0.045312 0.058333
0 0.860156 0.536458 0.064062 0.135417
