1 0.234766 0.922222 0.043750 0.080556 
2 0.670312 0.921528 0.039062 0.065278 
0 0.399609 0.881250 0.054688 0.179167 
2 0.545703 0.923611 0.039062 0.068056 
0 0.540625 0.883333 0.055469 0.169444 
0 0.237500 0.877778 0.065625 0.193056 
0 0.664062 0.882639 0.060156 0.159722 
1 0.050391 0.925000 0.051562 0.090278 
1 0.401562 0.925000 0.039062 0.075000 
1 0.533594 0.854861 0.036719 0.065278 
1 0.662891 0.797917 0.038281 0.059722 
0 0.054688 0.875694 0.076563 0.212500 
2 0.660156 0.858333 0.039844 0.063889 
