0 0.230078 0.863194 0.064844 0.187500 
1 0.041797 0.906944 0.050781 0.088889 
1 0.226172 0.906944 0.043750 0.079167 
0 0.391406 0.869444 0.055469 0.180556 
2 0.535547 0.912500 0.036719 0.066667 
2 0.658984 0.913194 0.038281 0.065278 
1 0.393359 0.912500 0.039062 0.073611 
0 0.529687 0.872917 0.053906 0.163889 
0 0.654297 0.872222 0.060156 0.159722 
2 0.648828 0.849306 0.039844 0.066667 
1 0.653125 0.790278 0.036719 0.059722 
1 0.525391 0.844444 0.035937 0.062500 
0 0.045703 0.858333 0.079687 0.209722 
