1 0.231250 0.940972 0.043750 0.080556 
2 0.663281 0.861806 0.040625 0.068056 
1 0.401172 0.937500 0.039844 0.076389 
2 0.548828 0.931944 0.039062 0.068056 
1 0.044531 0.947917 0.051562 0.090278 
2 0.676953 0.925694 0.040625 0.068056 
0 0.397656 0.893056 0.057031 0.181944 
1 0.666016 0.800694 0.039062 0.061111 
0 0.233984 0.896528 0.064062 0.188889 
1 0.535547 0.862500 0.038281 0.066667 
0 0.543359 0.890278 0.058594 0.175000 
0 0.670312 0.886111 0.063281 0.166667 
0 0.048828 0.897222 0.079687 0.204167 
