0 0.542188 0.881250 0.056250 0.169444 
1 0.670703 0.804861 0.039062 0.061111 
2 0.666016 0.865278 0.040625 0.066667 
2 0.676172 0.930556 0.040625 0.066667 
1 0.236719 0.899306 0.044531 0.079167 
2 0.547656 0.922222 0.038281 0.068056 
1 0.402734 0.913889 0.040625 0.075000 
0 0.670703 0.891667 0.060156 0.161111 
0 0.062109 0.841667 0.086719 0.200000 
1 0.057031 0.887500 0.050781 0.084722 
0 0.240234 0.856944 0.065625 0.183333 
0 0.403906 0.870139 0.059375 0.183333 
1 0.537891 0.854861 0.039062 0.066667 
