2 0.576562 0.801389 0.040625 0.069444
2 0.713672 0.942361 0.042969 0.068056
1 0.433203 0.929861 0.038281 0.073611
0 0.427734 0.884722 0.058594 0.183333
2 0.582422 0.936111 0.039844 0.069444
0 0.574609 0.894444 0.064844 0.175000
0 0.267969 0.875000 0.065625 0.194444
2 0.700000 0.874306 0.042188 0.068056
1 0.702344 0.813194 0.040625 0.062500
1 0.085156 0.908333 0.054688 0.083333
2 0.266406 0.843056 0.045312 0.077778
1 0.263672 0.918750 0.042969 0.076389
0 0.708984 0.903472 0.067969 0.162500
0 0.089453 0.861111 0.078906 0.200000
1 0.566016 0.867361 0.038281 0.068056
