2 0.688281 0.850000 0.040625 0.066667
2 0.256641 0.775000 0.042969 0.072222
2 0.558203 0.722917 0.038281 0.065278
2 0.563281 0.850694 0.037500 0.068056
0 0.416797 0.806944 0.052344 0.172222
1 0.254297 0.848611 0.042969 0.075000
1 0.419141 0.850000 0.038281 0.072222
0 0.556641 0.809722 0.053906 0.161111
1 0.678516 0.729861 0.039844 0.059722
0 0.680859 0.813194 0.063281 0.151389
0 0.255859 0.804167 0.060156 0.180556
1 0.076563 0.845139 0.053125 0.087500
0 0.075391 0.801389 0.074219 0.186111
2 0.675781 0.788889 0.039062 0.063889
1 0.549219 0.786806 0.037500 0.065278
