1 0.666016 0.760417 0.036719 0.059722
2 0.547656 0.752778 0.039062 0.066667
2 0.662891 0.818750 0.039844 0.065278
0 0.404297 0.834028 0.052344 0.173611
1 0.240625 0.874306 0.043750 0.076389
0 0.242969 0.832639 0.064062 0.181944
2 0.675781 0.882639 0.040625 0.065278
1 0.408203 0.877778 0.038281 0.072222
0 0.544922 0.838889 0.055469 0.161111
0 0.671875 0.844444 0.067187 0.158333
0 0.062500 0.822222 0.081250 0.200000
1 0.059375 0.868056 0.054688 0.086111
2 0.244141 0.798611 0.044531 0.075000
2 0.551172 0.879861 0.038281 0.068056
1 0.538281 0.813889 0.037500 0.063889
