0 0.569922 0.829167 0.055469 0.163889
0 0.698438 0.838889 0.062500 0.158333
2 0.572266 0.742361 0.039844 0.065278
2 0.267188 0.775000 0.043750 0.075000
2 0.703906 0.879861 0.042188 0.068056
1 0.264844 0.847917 0.042188 0.073611
2 0.575391 0.871528 0.038281 0.068056
1 0.696484 0.754167 0.039844 0.061111
1 0.429297 0.861111 0.038281 0.072222
0 0.426172 0.816667 0.053906 0.175000
2 0.691797 0.813889 0.041406 0.066667
1 0.089844 0.833333 0.051562 0.080556
1 0.562500 0.804861 0.037500 0.062500
0 0.265234 0.806250 0.064844 0.181944
0 0.092578 0.789583 0.075781 0.184722
