1 0.391406 0.763889 0.037500 0.069444
0 0.532422 0.740972 0.058594 0.162500
0 0.230469 0.703472 0.067187 0.184722
0 0.657031 0.759028 0.057813 0.156944
2 0.662109 0.796528 0.038281 0.062500
2 0.534766 0.781250 0.036719 0.065278
2 0.538672 0.656250 0.038281 0.065278
1 0.228516 0.743750 0.041406 0.070833
0 0.389844 0.723611 0.060937 0.169444
2 0.654297 0.736111 0.039844 0.063889
1 0.526953 0.717361 0.036719 0.062500
0 0.058203 0.675000 0.082031 0.191667
1 0.052344 0.720139 0.048438 0.081944
2 0.232813 0.673611 0.043750 0.069444
1 0.663281 0.678472 0.037500 0.059722
