0 0.654297 0.749306 0.057031 0.154167
1 0.223828 0.750000 0.041406 0.072222
2 0.530859 0.776389 0.036719 0.063889
2 0.533203 0.653472 0.038281 0.065278
0 0.527344 0.736111 0.054688 0.161111
1 0.657031 0.670139 0.035937 0.059722
1 0.385937 0.764583 0.037500 0.068056
2 0.650000 0.726389 0.039062 0.063889
1 0.046875 0.735417 0.048438 0.079167
0 0.226172 0.707639 0.061719 0.176389
2 0.658203 0.787500 0.038281 0.066667
0 0.386328 0.723611 0.055469 0.169444
0 0.051172 0.687500 0.074219 0.191667
1 0.521484 0.712500 0.036719 0.063889
2 0.226172 0.681250 0.044531 0.070833
