2 0.520703 0.767361 0.036719 0.062500
2 0.517188 0.643750 0.037500 0.065278
2 0.639062 0.756250 0.037500 0.062500
1 0.215234 0.786806 0.042969 0.073611
0 0.034375 0.750000 0.067187 0.197222
0 0.214453 0.742361 0.061719 0.184722
0 0.514844 0.726389 0.054688 0.155556
1 0.632422 0.641667 0.035156 0.055556
1 0.380859 0.776389 0.036719 0.069444
0 0.633594 0.722917 0.056250 0.145833
0 0.377344 0.736111 0.050000 0.161111
2 0.215625 0.715972 0.043750 0.076389
1 0.029297 0.800000 0.052344 0.086111
1 0.508594 0.702778 0.035937 0.063889
2 0.628906 0.700000 0.035937 0.061111
