0 0.505859 0.703472 0.080469 0.259722
1 0.716016 0.759722 0.053906 0.094444
1 0.894531 0.765278 0.060937 0.094444
1 0.506250 0.768750 0.056250 0.101389
1 0.738281 0.677083 0.057813 0.095833
0 0.895312 0.712500 0.100000 0.222222
1 0.890625 0.675694 0.060937 0.090278
2 0.273828 0.752083 0.058594 0.101389
2 0.068359 0.743750 0.072656 0.109722
2 0.909766 0.597222 0.061719 0.091667
0 0.059766 0.679861 0.103906 0.262500
2 0.052734 0.638889 0.071094 0.105556
0 0.273438 0.692361 0.081250 0.256944
0 0.726562 0.711111 0.084375 0.247222
