0 0.532813 0.487500 0.085938 0.250000
1 0.521875 0.545139 0.053125 0.095833
1 0.299609 0.425000 0.060156 0.102778
0 0.094141 0.445139 0.111719 0.256944
0 0.922656 0.504167 0.106250 0.230556
2 0.529297 0.354861 0.060156 0.106944
1 0.765625 0.463889 0.059375 0.094444
1 0.542578 0.453472 0.057031 0.095833
1 0.914062 0.560417 0.059375 0.093056
0 0.303906 0.465278 0.082812 0.236111
2 0.083594 0.407639 0.068750 0.106944
1 0.310156 0.323611 0.064062 0.108333
2 0.307812 0.523611 0.056250 0.097222
2 0.106641 0.507639 0.066406 0.104167
1 0.738672 0.550000 0.053906 0.091667
2 0.948047 0.390278 0.067969 0.097222
1 0.917969 0.468750 0.060937 0.093056
0 0.754687 0.496528 0.100000 0.240278
