0 0.498828 0.709722 0.085156 0.255556
1 0.492188 0.770139 0.056250 0.101389
1 0.730078 0.682639 0.057031 0.093056
2 0.494141 0.575000 0.058594 0.102778
1 0.884766 0.775000 0.060156 0.094444
0 0.049609 0.686806 0.097656 0.259722
1 0.277344 0.554861 0.060937 0.104167
2 0.044141 0.750000 0.075781 0.116667
2 0.265234 0.759722 0.061719 0.105556
2 0.036719 0.640278 0.071875 0.113889
0 0.720313 0.717361 0.087500 0.234722
0 0.263281 0.697917 0.085938 0.251389
1 0.712109 0.768750 0.055469 0.098611
2 0.890234 0.604861 0.061719 0.093056
1 0.509766 0.668750 0.058594 0.104167
0 0.882422 0.722917 0.089844 0.215278
1 0.875000 0.683333 0.059375 0.091667
1 0.261719 0.651389 0.062500 0.108333
