1 0.770312 0.655556 0.059375 0.097222
2 0.529687 0.549306 0.059375 0.104167
0 0.098828 0.651389 0.100781 0.244444
0 0.533594 0.681944 0.084375 0.255556
2 0.091406 0.609028 0.071875 0.104167
0 0.759766 0.693056 0.088281 0.238889
1 0.749219 0.743056 0.056250 0.100000
0 0.305469 0.664583 0.087500 0.248611
1 0.934766 0.754861 0.064844 0.098611
1 0.525391 0.740278 0.055469 0.102778
1 0.316406 0.525000 0.059375 0.097222
1 0.302734 0.622222 0.061719 0.100000
1 0.543359 0.643056 0.057031 0.097222
2 0.307031 0.725000 0.057813 0.100000
2 0.103516 0.711806 0.069531 0.106944
0 0.930859 0.702083 0.097656 0.218056
2 0.944141 0.577778 0.067969 0.100000
1 0.926562 0.658333 0.065625 0.097222
