1 0.499609 0.779861 0.039844 0.070833
2 0.828125 0.779861 0.046875 0.070833
1 0.663672 0.854861 0.042969 0.076389
0 0.505469 0.809722 0.057813 0.191667
2 0.659375 0.713889 0.040625 0.072222
2 0.672656 0.783333 0.042188 0.075000
1 0.162109 0.862500 0.049219 0.083333
1 0.509375 0.711806 0.039062 0.070833
1 0.333594 0.859722 0.043750 0.080556
2 0.510156 0.857639 0.042188 0.081944
1 0.153125 0.785417 0.048438 0.076389
0 0.666406 0.806250 0.060937 0.193056
2 0.824219 0.851389 0.046875 0.075000
0 0.157422 0.818056 0.067969 0.191667
0 0.826172 0.807639 0.063281 0.181944
0 0.335938 0.815972 0.064062 0.187500
