0 0.662109 0.726389 0.058594 0.183333
1 0.659375 0.772917 0.040625 0.076389
1 0.157422 0.715278 0.047656 0.075000
1 0.507422 0.637500 0.038281 0.069444
2 0.667969 0.703472 0.040625 0.070833
2 0.821484 0.698611 0.046094 0.072222
2 0.815234 0.768750 0.046094 0.073611
1 0.169531 0.790278 0.048438 0.080556
2 0.655469 0.637500 0.040625 0.069444
2 0.508984 0.778472 0.041406 0.076389
1 0.498828 0.704861 0.038281 0.068056
0 0.504297 0.734722 0.057031 0.183333
0 0.816797 0.725000 0.064844 0.175000
1 0.335938 0.784722 0.042188 0.075000
0 0.165234 0.748611 0.066406 0.180556
0 0.336719 0.743056 0.064062 0.188889
