0 0.690625 0.773611 0.062500 0.194444
1 0.530859 0.675694 0.039844 0.070833
1 0.184375 0.743750 0.046875 0.073611
1 0.520312 0.743750 0.040625 0.068056
0 0.527344 0.772917 0.057813 0.190278
0 0.188281 0.775000 0.065625 0.183333
1 0.687891 0.820139 0.042969 0.076389
1 0.193359 0.818056 0.047656 0.080556
2 0.857422 0.747222 0.049219 0.075000
2 0.696094 0.747917 0.043750 0.073611
0 0.855078 0.774306 0.069531 0.187500
2 0.683203 0.679861 0.042969 0.070833
2 0.531641 0.820139 0.042969 0.079167
2 0.853125 0.822222 0.048438 0.077778
1 0.358203 0.818750 0.042969 0.079167
0 0.362500 0.772222 0.065625 0.180556
