2 0.678906 0.838889 0.043750 0.075000
1 0.502734 0.825000 0.039844 0.072222
0 0.669141 0.868056 0.071094 0.188889
1 0.513672 0.754861 0.039844 0.070833
2 0.832422 0.921528 0.049219 0.079167
0 0.510156 0.858333 0.062500 0.186111
2 0.665625 0.768750 0.043750 0.073611
2 0.839453 0.849306 0.047656 0.073611
1 0.670703 0.912500 0.044531 0.080556
2 0.827344 0.777778 0.046875 0.075000
2 0.511719 0.904167 0.043750 0.083333
2 0.339062 0.756250 0.045312 0.076389
2 0.176953 0.732639 0.049219 0.081944
0 0.158203 0.836111 0.078906 0.205556
2 0.343750 0.825000 0.045312 0.072222
1 0.160156 0.882639 0.050000 0.084722
0 0.834766 0.873611 0.071094 0.197222
1 0.329297 0.894444 0.044531 0.083333
0 0.335156 0.850694 0.068750 0.190278
1 0.153906 0.806250 0.050000 0.079167
