1 0.364844 0.890972 0.043750 0.081944
2 0.874609 0.775000 0.049219 0.077778
1 0.539062 0.726389 0.040625 0.072222
2 0.544922 0.876389 0.044531 0.080556
2 0.376953 0.820139 0.038281 0.068056
2 0.693359 0.718750 0.042969 0.070833
2 0.859375 0.704861 0.050000 0.076389
0 0.704297 0.815972 0.066406 0.195833
2 0.709766 0.788194 0.044531 0.076389
2 0.871094 0.849306 0.051562 0.079167
1 0.191016 0.829861 0.047656 0.081944
1 0.703516 0.863194 0.046094 0.079167
2 0.208984 0.754861 0.047656 0.079167
2 0.367578 0.752778 0.042969 0.075000
1 0.532031 0.798611 0.040625 0.069444
1 0.201563 0.902778 0.048438 0.083333
0 0.872656 0.802083 0.084375 0.190278
0 0.541016 0.825000 0.066406 0.202778
0 0.370312 0.845139 0.060937 0.190278
0 0.202344 0.857639 0.076563 0.198611
