2 0.658594 0.693056 0.040625 0.072222
1 0.509375 0.681250 0.039062 0.070833
2 0.508203 0.826389 0.042969 0.080556
2 0.826562 0.768056 0.046875 0.072222
2 0.817187 0.699306 0.046875 0.073611
1 0.154297 0.740972 0.049219 0.079167
0 0.665625 0.786111 0.062500 0.191667
2 0.176172 0.668750 0.049219 0.081944
2 0.821484 0.837500 0.046094 0.077778
2 0.671484 0.761111 0.042969 0.072222
1 0.162891 0.814583 0.049219 0.081944
2 0.337891 0.687500 0.044531 0.077778
1 0.329688 0.820139 0.045312 0.081944
1 0.498828 0.750000 0.038281 0.069444
0 0.335547 0.778472 0.067969 0.193056
0 0.504297 0.781250 0.058594 0.187500
0 0.823828 0.791667 0.064844 0.183333
0 0.162891 0.769444 0.077344 0.200000
1 0.662500 0.831944 0.042188 0.075000
2 0.344531 0.759028 0.039062 0.065278
