1 0.615234 0.800000 0.039844 0.072222
1 0.464062 0.667361 0.037500 0.070833
2 0.464844 0.807639 0.042188 0.076389
2 0.610156 0.665278 0.037500 0.066667
2 0.766016 0.725694 0.041406 0.068056
1 0.455469 0.734028 0.039062 0.070833
2 0.622266 0.731250 0.039844 0.070833
2 0.757031 0.662500 0.040625 0.069444
1 0.103516 0.828472 0.052344 0.084722
1 0.283203 0.818750 0.044531 0.081944
2 0.114453 0.673611 0.052344 0.086111
0 0.762891 0.750000 0.060156 0.175000
2 0.288281 0.681944 0.045312 0.077778
2 0.762109 0.792361 0.041406 0.070833
0 0.284375 0.772222 0.075000 0.188889
0 0.459766 0.762500 0.058594 0.191667
0 0.616797 0.753472 0.058594 0.181944
1 0.091797 0.750000 0.050781 0.083333
2 0.295703 0.750694 0.042969 0.070833
0 0.100391 0.777083 0.083594 0.206944
