1 0.593359 0.790278 0.042969 0.075000
1 0.601953 0.718750 0.042969 0.073611
1 0.777344 0.878472 0.050000 0.081944
2 0.972266 0.802083 0.052344 0.084722
0 0.778516 0.826389 0.069531 0.208333
2 0.784766 0.799306 0.050781 0.081944
1 0.426953 0.862500 0.042969 0.080556
2 0.605469 0.870139 0.045312 0.081944
2 0.767578 0.725000 0.047656 0.077778
2 0.959766 0.725000 0.058594 0.083333
1 0.267578 0.784028 0.042969 0.073611
2 0.969531 0.884722 0.056250 0.088889
2 0.430859 0.729167 0.041406 0.075000
0 0.600391 0.820139 0.063281 0.198611
2 0.284375 0.716667 0.042188 0.075000
2 0.439063 0.795833 0.037500 0.069444
0 0.962500 0.829861 0.073438 0.218056
0 0.432031 0.817361 0.059375 0.179167
1 0.275391 0.854861 0.042969 0.076389
0 0.273828 0.809028 0.072656 0.190278
