2 0.877734 0.759028 0.047656 0.073611
0 0.706641 0.781944 0.067969 0.191667
1 0.544141 0.687500 0.038281 0.069444
2 0.698047 0.690278 0.041406 0.072222
2 0.711328 0.759028 0.042969 0.073611
1 0.210156 0.827083 0.045312 0.079167
2 0.872266 0.832639 0.049219 0.076389
2 0.544922 0.829861 0.042969 0.076389
2 0.373047 0.696528 0.042969 0.073611
1 0.535156 0.754861 0.039062 0.070833
1 0.702734 0.831250 0.041406 0.076389
2 0.866406 0.690278 0.048438 0.075000
2 0.219922 0.685417 0.044531 0.076389
1 0.200781 0.754861 0.043750 0.076389
1 0.367969 0.829167 0.042188 0.077778
2 0.380469 0.764583 0.040625 0.070833
0 0.541797 0.782639 0.058594 0.190278
0 0.206250 0.779167 0.075000 0.194444
0 0.872656 0.784722 0.070312 0.191667
0 0.373047 0.784722 0.063281 0.183333
