2 0.547266 0.902778 0.039062 0.068056 
1 0.403516 0.893750 0.039844 0.075000 
2 0.672656 0.911111 0.039062 0.063889 
0 0.243750 0.835417 0.067187 0.183333 
1 0.669141 0.787500 0.037500 0.059722 
0 0.542969 0.865278 0.054688 0.162500 
0 0.667969 0.869444 0.060937 0.159722 
1 0.056250 0.865972 0.050000 0.086111 
0 0.060156 0.818056 0.080469 0.204167 
0 0.401953 0.848611 0.055469 0.180556 
2 0.662891 0.846528 0.042188 0.068056 
1 0.237891 0.878472 0.042969 0.080556 
1 0.537891 0.835417 0.037500 0.063889 
