2 0.667969 0.915278 0.039062 0.065278 
1 0.400000 0.916667 0.039844 0.075000 
1 0.232031 0.913194 0.043750 0.081944 
2 0.544531 0.914583 0.038281 0.068056 
0 0.397656 0.872917 0.054688 0.179167 
0 0.233984 0.866667 0.066406 0.193056 
1 0.046875 0.916667 0.051562 0.088889 
0 0.052344 0.865972 0.078125 0.211111 
0 0.539453 0.875694 0.055469 0.169444 
0 0.661719 0.872917 0.062500 0.161111 
1 0.532813 0.845833 0.036719 0.065278 
1 0.662109 0.789583 0.037500 0.059722 
2 0.657422 0.850000 0.041406 0.065278 
