1 0.235937 0.954861 0.044531 0.081944 
2 0.550781 0.949306 0.039062 0.068056 
0 0.403125 0.908333 0.055469 0.181944 
0 0.239453 0.904861 0.065625 0.188889 
2 0.676953 0.944444 0.040625 0.068056 
1 0.049609 0.958333 0.051562 0.081944 
1 0.405078 0.955556 0.039844 0.076389 
0 0.546094 0.911806 0.057031 0.168056 
0 0.668750 0.906250 0.062500 0.162500 
0 0.053516 0.902083 0.078906 0.194444 
1 0.667188 0.818750 0.039062 0.061111 
2 0.664844 0.879861 0.041406 0.066667 
1 0.537891 0.879861 0.038281 0.065278 
