1 0.049219 0.932639 0.052344 0.090278 
1 0.233984 0.928472 0.043750 0.079167 
2 0.545312 0.928472 0.038281 0.066667 
0 0.236719 0.884028 0.065625 0.194444 
0 0.398828 0.886806 0.055469 0.181944 
1 0.401172 0.931250 0.039844 0.075000 
2 0.669922 0.927083 0.039844 0.066667 
0 0.540625 0.888194 0.056250 0.172222 
0 0.663672 0.888194 0.060156 0.162500 
1 0.662500 0.802778 0.037500 0.061111 
0 0.053125 0.882639 0.078125 0.208333 
1 0.533203 0.859722 0.036719 0.066667 
2 0.658984 0.862500 0.039062 0.065278 
