1 0.216016 0.909028 0.043750 0.081944 
0 0.220312 0.863889 0.067187 0.194444 
2 0.525000 0.911806 0.037500 0.066667 
0 0.381250 0.869444 0.055469 0.181944 
2 0.646484 0.911806 0.038281 0.063889 
1 0.383594 0.913194 0.039062 0.075000 
1 0.028516 0.911111 0.051562 0.090278 
0 0.036328 0.861806 0.072656 0.209722 
0 0.520703 0.873611 0.053125 0.166667 
1 0.640234 0.790972 0.036719 0.059722 
2 0.637500 0.848611 0.040625 0.065278 
0 0.640625 0.870833 0.061719 0.156944 
1 0.515234 0.845833 0.035937 0.063889 
