1 0.240625 0.881250 0.042188 0.077778 
0 0.244531 0.838194 0.067187 0.191667 
1 0.405859 0.890278 0.038281 0.073611 
2 0.548047 0.893056 0.037500 0.066667 
0 0.403125 0.845833 0.053906 0.179167 
2 0.672656 0.895833 0.038281 0.063889 
0 0.065625 0.829167 0.077344 0.202778 
0 0.667969 0.855556 0.056250 0.155556 
0 0.543750 0.853472 0.055469 0.163889 
1 0.537500 0.825694 0.037500 0.063889 
1 0.059766 0.876389 0.050781 0.086111 
1 0.667969 0.774306 0.035937 0.061111 
2 0.663672 0.833333 0.039062 0.065278 
