2 0.716797 0.915972 0.043750 0.069444 
1 0.267188 0.853472 0.042188 0.076389 
0 0.430859 0.834722 0.055469 0.177778 
2 0.582422 0.897917 0.039844 0.070833 
1 0.433203 0.879167 0.038281 0.073611 
0 0.576953 0.856250 0.057813 0.170833 
0 0.271484 0.812500 0.067187 0.183333 
1 0.093750 0.831250 0.048438 0.083333 
2 0.707422 0.848611 0.043750 0.068056 
0 0.711328 0.873611 0.064844 0.168056 
0 0.096875 0.785417 0.080469 0.194444 
1 0.571484 0.828472 0.038281 0.066667 
1 0.712500 0.786806 0.041406 0.065278 
