2 0.662500 0.817361 0.039844 0.065278 
0 0.238281 0.835417 0.065625 0.187500 
1 0.666016 0.759028 0.036719 0.059722 
0 0.668359 0.842361 0.060156 0.156944 
0 0.400000 0.838889 0.053125 0.175000 
2 0.548047 0.881250 0.039062 0.066667 
0 0.541797 0.842361 0.053906 0.159722 
2 0.675000 0.881250 0.039844 0.065278 
1 0.235156 0.879861 0.042969 0.077778 
1 0.401953 0.882639 0.038281 0.072222 
0 0.053516 0.831250 0.082031 0.201389 
1 0.050781 0.878472 0.050781 0.083333 
1 0.535156 0.813889 0.036719 0.065278 
