0 0.233984 0.909028 0.065625 0.180556 
2 0.549609 0.961806 0.039844 0.070833 
2 0.679688 0.962500 0.040625 0.068056 
1 0.230859 0.959028 0.045312 0.079167 
1 0.400781 0.962500 0.041406 0.073611 
0 0.395703 0.912500 0.060156 0.173611 
1 0.668359 0.834722 0.039062 0.062500 
0 0.543750 0.917361 0.057813 0.163889 
1 0.044922 0.955556 0.053125 0.084722 
0 0.671875 0.919444 0.061719 0.159722 
0 0.049219 0.902083 0.082812 0.194444 
2 0.666406 0.895833 0.040625 0.068056 
1 0.537109 0.893056 0.039062 0.066667 
