1 0.227344 0.875694 0.042969 0.077778 
0 0.229687 0.833333 0.063281 0.181944 
1 0.392188 0.876389 0.038281 0.070833 
0 0.390234 0.832639 0.053125 0.175000 
2 0.535156 0.873611 0.038281 0.066667 
2 0.658594 0.870833 0.038281 0.065278 
0 0.652734 0.830556 0.056250 0.155556 
1 0.651563 0.750694 0.037500 0.058333 
0 0.529297 0.834722 0.053906 0.159722 
1 0.044531 0.878472 0.051562 0.087500 
0 0.050391 0.828472 0.078125 0.201389 
2 0.648047 0.809028 0.038281 0.063889 
1 0.523438 0.806944 0.036719 0.063889 
