1 0.240625 0.900694 0.042969 0.076389 
0 0.243750 0.859028 0.065625 0.180556 
2 0.551953 0.916667 0.039062 0.069444 
0 0.403516 0.866667 0.053906 0.175000 
1 0.406250 0.911111 0.039062 0.073611 
0 0.547266 0.877778 0.055469 0.166667 
1 0.673828 0.797917 0.039062 0.059722 
2 0.680469 0.922222 0.041406 0.068056 
0 0.675000 0.882639 0.060937 0.163889 
0 0.068359 0.845139 0.082812 0.198611 
1 0.062109 0.891667 0.050000 0.084722 
2 0.669531 0.858333 0.039062 0.065278 
1 0.541406 0.849306 0.038281 0.063889 
