2 0.558203 0.740278 0.039062 0.065278 
0 0.413281 0.813889 0.054688 0.173611 
0 0.678906 0.837500 0.058594 0.154167 
1 0.678125 0.755556 0.037500 0.059722 
2 0.558203 0.867361 0.037500 0.066667 
0 0.553516 0.823611 0.055469 0.162500 
2 0.683594 0.876389 0.039844 0.065278 
1 0.250000 0.842361 0.042188 0.075000 
1 0.414844 0.856944 0.038281 0.070833 
2 0.253125 0.768750 0.043750 0.073611 
1 0.072656 0.826389 0.053906 0.083333 
0 0.252734 0.797222 0.060156 0.181944 
0 0.072656 0.779861 0.087500 0.195833 
1 0.546875 0.802083 0.036719 0.065278 
2 0.673438 0.813889 0.039844 0.063889 
