0 0.440234 0.821528 0.055469 0.181944
0 0.585547 0.834722 0.058594 0.172222
2 0.590625 0.875000 0.039062 0.066667
1 0.277344 0.854861 0.040625 0.070833
2 0.280859 0.780556 0.042969 0.075000
2 0.722656 0.882639 0.042188 0.068056
1 0.444141 0.866667 0.038281 0.069444
1 0.713281 0.756250 0.039062 0.059722
2 0.587500 0.743750 0.039062 0.068056
0 0.716016 0.840972 0.066406 0.165278
1 0.578125 0.808333 0.037500 0.063889
1 0.105078 0.840278 0.050781 0.083333
0 0.107422 0.799306 0.071094 0.193056
0 0.280469 0.813194 0.060937 0.179167
2 0.709766 0.816667 0.041406 0.066667
