2 0.572266 0.762500 0.039844 0.066667
0 0.424219 0.838889 0.056250 0.177778
2 0.703906 0.901389 0.042188 0.069444
0 0.568750 0.850694 0.059375 0.168056
0 0.698047 0.863889 0.071094 0.158333
2 0.265625 0.793750 0.045312 0.073611
2 0.574219 0.893750 0.039062 0.068056
0 0.266797 0.824306 0.067969 0.184722
1 0.695703 0.778472 0.038281 0.062500
2 0.692187 0.837500 0.042188 0.066667
1 0.262109 0.867361 0.042969 0.076389
1 0.427344 0.882639 0.039062 0.073611
1 0.087109 0.852083 0.053906 0.081944
1 0.560937 0.825000 0.037500 0.066667
0 0.089844 0.808333 0.082812 0.200000
