0 0.417969 0.827778 0.054688 0.175000
0 0.558594 0.839583 0.056250 0.162500
1 0.420312 0.872222 0.039062 0.072222
2 0.562500 0.753472 0.040625 0.065278
2 0.258203 0.784722 0.044531 0.075000
0 0.685937 0.850000 0.062500 0.158333
2 0.692578 0.888889 0.042969 0.069444
1 0.684375 0.763889 0.037500 0.061111
1 0.552734 0.813889 0.038281 0.063889
1 0.255078 0.859722 0.042969 0.075000
0 0.257422 0.819444 0.064844 0.175000
2 0.565234 0.881250 0.038281 0.068056
2 0.681250 0.825694 0.040625 0.065278
1 0.078125 0.844444 0.053125 0.086111
0 0.081250 0.800694 0.071875 0.195833
