2 0.691797 0.878472 0.041406 0.068056
0 0.417969 0.815972 0.054688 0.173611
2 0.258594 0.775000 0.043750 0.072222
1 0.255469 0.849306 0.042188 0.073611
0 0.559766 0.829167 0.058594 0.169444
2 0.564453 0.870139 0.038281 0.065278
0 0.685547 0.840972 0.061719 0.156944
1 0.684375 0.756250 0.040625 0.059722
1 0.421484 0.860417 0.038281 0.070833
1 0.553125 0.802778 0.037500 0.063889
2 0.563281 0.741667 0.039062 0.066667
1 0.079297 0.834722 0.052344 0.083333
0 0.258984 0.804861 0.064844 0.179167
2 0.680469 0.813889 0.039062 0.063889
0 0.080078 0.788889 0.082031 0.191667
