2 0.691797 0.876389 0.041406 0.066667
2 0.258984 0.771528 0.042969 0.073611
1 0.255859 0.845833 0.042969 0.075000
0 0.418359 0.815278 0.055469 0.175000
2 0.562891 0.738889 0.039844 0.066667
2 0.564063 0.867361 0.037500 0.068056
0 0.558594 0.825000 0.057813 0.163889
0 0.685937 0.839583 0.060937 0.162500
1 0.683984 0.753472 0.039844 0.059722
1 0.420703 0.857639 0.038281 0.073611
2 0.680859 0.813194 0.039844 0.065278
1 0.552734 0.801389 0.038281 0.063889
1 0.080078 0.827778 0.052344 0.083333
0 0.082812 0.782639 0.076563 0.195833
0 0.258203 0.804861 0.063281 0.179167
