2 0.708203 0.874306 0.042969 0.068056
0 0.430859 0.812500 0.053906 0.175000
0 0.702734 0.837500 0.063281 0.158333
2 0.576172 0.737500 0.039844 0.066667
1 0.432812 0.856250 0.039062 0.073611
0 0.572266 0.822917 0.055469 0.165278
1 0.267969 0.843056 0.042188 0.075000
2 0.578125 0.866667 0.037500 0.066667
2 0.270313 0.770139 0.042188 0.073611
1 0.700000 0.750000 0.039062 0.061111
2 0.696094 0.811111 0.040625 0.066667
0 0.272266 0.800000 0.061719 0.177778
1 0.566016 0.800000 0.038281 0.066667
1 0.094141 0.829861 0.053906 0.084722
0 0.096094 0.784722 0.075000 0.188889
