2 0.573047 0.663889 0.039844 0.066667
0 0.567578 0.750000 0.055469 0.161111
0 0.697266 0.762500 0.061719 0.158333
2 0.701172 0.800000 0.041406 0.066667
1 0.698047 0.677778 0.038281 0.061111
1 0.265625 0.763194 0.040625 0.070833
2 0.572266 0.790972 0.038281 0.065278
0 0.425781 0.736111 0.053125 0.169444
1 0.426953 0.779167 0.038281 0.069444
0 0.268359 0.723611 0.060156 0.169444
2 0.692187 0.738889 0.040625 0.063889
2 0.267969 0.693750 0.042188 0.073611
0 0.097266 0.704167 0.066406 0.183333
1 0.094922 0.747917 0.049219 0.076389
1 0.560937 0.725000 0.037500 0.063889
