2 0.701172 0.737500 0.042969 0.066667
2 0.580469 0.653472 0.040625 0.065278
1 0.428906 0.754861 0.037500 0.068056
2 0.708203 0.800000 0.041406 0.066667
2 0.575391 0.777778 0.038281 0.066667
0 0.704297 0.761111 0.063281 0.161111
1 0.269531 0.726389 0.040625 0.069444
0 0.572656 0.737500 0.062500 0.166667
1 0.708984 0.677778 0.039844 0.061111
0 0.430078 0.712500 0.058594 0.172222
0 0.271875 0.685417 0.064062 0.173611
0 0.105469 0.653472 0.070312 0.181944
2 0.273047 0.657639 0.042969 0.070833
1 0.566016 0.712500 0.038281 0.063889
1 0.101172 0.695139 0.046094 0.070833
