1 0.690234 0.696528 0.039844 0.062500
0 0.254688 0.688889 0.065625 0.177778
2 0.689063 0.818056 0.040625 0.066667
0 0.555859 0.752083 0.063281 0.165278
2 0.564453 0.668056 0.039844 0.066667
0 0.685156 0.779167 0.062500 0.169444
1 0.252344 0.731250 0.040625 0.070833
2 0.558594 0.793056 0.039062 0.066667
1 0.412891 0.764583 0.038281 0.068056
0 0.412500 0.722917 0.062500 0.170833
2 0.256641 0.663194 0.042969 0.070833
0 0.087891 0.653472 0.082031 0.181944
1 0.082031 0.697917 0.050000 0.079167
1 0.550391 0.727778 0.038281 0.063889
2 0.682031 0.752778 0.040625 0.063889
