2 0.650000 0.714583 0.037500 0.062500
2 0.532813 0.732639 0.035937 0.062500
0 0.233984 0.736806 0.057031 0.187500
2 0.526953 0.612500 0.038281 0.063889
1 0.396094 0.754861 0.037500 0.068056
0 0.391406 0.713194 0.060937 0.170833
1 0.641406 0.600694 0.037500 0.056944
0 0.526563 0.693750 0.057813 0.159722
0 0.644922 0.678472 0.061719 0.148611
1 0.233203 0.779861 0.041406 0.070833
2 0.639062 0.656944 0.037500 0.061111
1 0.518750 0.673611 0.034375 0.061111
2 0.231250 0.709722 0.043750 0.075000
1 0.050000 0.807639 0.050000 0.081944
0 0.051953 0.761111 0.074219 0.194444
