2 0.548828 0.709028 0.038281 0.065278
1 0.409375 0.832639 0.037500 0.070833
1 0.665625 0.717361 0.037500 0.059722
0 0.406641 0.789583 0.052344 0.168056
2 0.661719 0.775694 0.039062 0.062500
1 0.244141 0.829861 0.041406 0.070833
2 0.673047 0.837500 0.038281 0.063889
0 0.544922 0.793750 0.053906 0.159722
0 0.667578 0.799306 0.058594 0.154167
0 0.069922 0.778472 0.071094 0.198611
0 0.246875 0.784028 0.060937 0.181944
2 0.550391 0.834722 0.038281 0.066667
1 0.066406 0.822917 0.054688 0.084722
2 0.247656 0.755556 0.043750 0.075000
1 0.537891 0.772222 0.036719 0.063889
