2 0.548047 0.738194 0.038281 0.065278
2 0.674219 0.862500 0.039062 0.063889
2 0.553125 0.863889 0.037500 0.066667
1 0.665234 0.741667 0.038281 0.058333
2 0.662500 0.800000 0.039062 0.063889
0 0.408594 0.825000 0.054688 0.175000
0 0.248438 0.824306 0.060937 0.184722
1 0.246484 0.868056 0.042969 0.075000
1 0.411719 0.866667 0.037500 0.072222
1 0.062891 0.868750 0.053906 0.084722
0 0.546875 0.823611 0.054688 0.161111
0 0.668750 0.823611 0.059375 0.152778
0 0.067578 0.821528 0.072656 0.198611
1 0.539062 0.800000 0.037500 0.063889
2 0.248438 0.793750 0.043750 0.076389
