0 0.248438 0.824306 0.062500 0.181944
2 0.548438 0.738194 0.037500 0.065278
2 0.673828 0.862500 0.038281 0.063889
2 0.553906 0.864583 0.037500 0.065278
0 0.409766 0.824306 0.052344 0.173611
2 0.661719 0.802778 0.039062 0.061111
1 0.247656 0.868056 0.043750 0.075000
1 0.664453 0.742361 0.038281 0.059722
0 0.067969 0.821528 0.073438 0.201389
0 0.547266 0.823611 0.058594 0.161111
0 0.669141 0.825694 0.058594 0.148611
1 0.412500 0.866667 0.037500 0.072222
1 0.065234 0.868750 0.053906 0.084722
1 0.539844 0.800000 0.037500 0.063889
2 0.249609 0.793750 0.044531 0.079167
