0 0.255859 0.834028 0.060156 0.179167
2 0.557031 0.751389 0.039062 0.066667
0 0.555078 0.839583 0.058594 0.165278
0 0.415625 0.836806 0.054688 0.173611
1 0.420312 0.879167 0.039062 0.075000
0 0.677734 0.840972 0.064844 0.151389
2 0.683594 0.877778 0.039062 0.066667
2 0.256250 0.802083 0.045312 0.073611
2 0.561328 0.879861 0.038281 0.068056
1 0.253516 0.879861 0.042969 0.076389
1 0.673438 0.759028 0.037500 0.062500
0 0.076172 0.830556 0.069531 0.194444
1 0.548438 0.813889 0.037500 0.063889
1 0.072266 0.876389 0.052344 0.086111
2 0.670312 0.818750 0.040625 0.059722
