2 0.577734 0.768750 0.039844 0.068056
2 0.582422 0.900000 0.038281 0.069444
2 0.710156 0.904861 0.042188 0.068056
1 0.271484 0.886111 0.042969 0.075000
0 0.576562 0.856250 0.059375 0.168056
0 0.700391 0.863889 0.077344 0.161111
0 0.433594 0.848611 0.056250 0.180556
1 0.699609 0.779167 0.039844 0.061111
1 0.436719 0.893750 0.039062 0.073611
0 0.273438 0.838194 0.060937 0.187500
1 0.568359 0.832639 0.038281 0.068056
2 0.273438 0.811111 0.043750 0.075000
2 0.697656 0.838889 0.042188 0.069444
1 0.092969 0.875694 0.053125 0.087500
0 0.095312 0.825694 0.081250 0.193056
