2 0.708594 0.907639 0.042188 0.068056
2 0.582031 0.904167 0.039062 0.069444
2 0.576172 0.772917 0.039844 0.068056
0 0.433203 0.854861 0.055469 0.176389
1 0.698047 0.782639 0.038281 0.059722
1 0.270703 0.890972 0.044531 0.079167
0 0.575391 0.861111 0.060156 0.169444
1 0.436328 0.897222 0.039844 0.072222
0 0.271484 0.845139 0.064844 0.187500
1 0.567187 0.836806 0.039062 0.068056
2 0.271875 0.815278 0.043750 0.077778
0 0.701562 0.870139 0.068750 0.159722
1 0.091406 0.881250 0.054688 0.084722
0 0.096484 0.835417 0.074219 0.195833
2 0.696484 0.842361 0.041406 0.068056
