2 0.699609 0.840972 0.041406 0.068056
2 0.579688 0.770139 0.040625 0.068056
2 0.584766 0.902083 0.039844 0.070833
2 0.713281 0.906250 0.042188 0.068056
1 0.701172 0.779861 0.039844 0.059722
1 0.439453 0.898611 0.038281 0.072222
0 0.275000 0.845139 0.062500 0.184722
1 0.272656 0.890972 0.043750 0.076389
0 0.436719 0.854861 0.054688 0.176389
0 0.579297 0.860417 0.060156 0.170833
1 0.094141 0.883333 0.050781 0.086111
1 0.571094 0.835417 0.039062 0.068056
0 0.707422 0.868750 0.071094 0.162500
2 0.275000 0.815972 0.043750 0.076389
0 0.100781 0.837500 0.073438 0.197222
