2 0.577734 0.770139 0.039844 0.068056
2 0.583203 0.901389 0.038281 0.069444
2 0.710938 0.904861 0.042188 0.068056
1 0.438281 0.897222 0.039062 0.072222
1 0.271094 0.890278 0.043750 0.077778
1 0.569141 0.834028 0.038281 0.068056
2 0.698047 0.838889 0.042969 0.066667
0 0.434375 0.854167 0.054688 0.180556
1 0.700000 0.780556 0.040625 0.061111
0 0.578906 0.858333 0.062500 0.166667
0 0.705469 0.864583 0.070312 0.159722
1 0.093359 0.883333 0.052344 0.086111
0 0.096484 0.837500 0.072656 0.202778
0 0.273438 0.846528 0.064062 0.181944
2 0.273438 0.815972 0.043750 0.076389
