0 0.564453 0.740278 0.028906 0.086111
0 0.485156 0.735417 0.028125 0.087500
0 0.405469 0.731250 0.029687 0.084722
0 0.328906 0.725694 0.029687 0.084722
0 0.250391 0.719444 0.028906 0.083333
2 0.566406 0.761806 0.020313 0.034722
1 0.406641 0.751389 0.019531 0.033333
2 0.485547 0.757639 0.019531 0.034722
1 0.330078 0.747222 0.019531 0.033333
2 0.332422 0.679861 0.019531 0.031944
2 0.253516 0.702778 0.017969 0.033333
1 0.248828 0.739583 0.016406 0.031944
1 0.326562 0.711806 0.020313 0.031944
1 0.406250 0.713889 0.018750 0.030556
