0 0.565234 0.745833 0.028906 0.088889
0 0.485547 0.740972 0.028906 0.087500
0 0.329297 0.731250 0.030469 0.084722
0 0.405859 0.736111 0.028906 0.088889
2 0.332422 0.682639 0.019531 0.037500
0 0.251563 0.727083 0.028125 0.084722
2 0.567187 0.765972 0.020313 0.034722
2 0.486719 0.761806 0.018750 0.034722
1 0.330078 0.751389 0.019531 0.033333
1 0.249609 0.746528 0.016406 0.031944
1 0.407031 0.756250 0.020313 0.034722
2 0.252344 0.710417 0.018750 0.034722
1 0.325391 0.716667 0.017969 0.030556
1 0.406641 0.718750 0.019531 0.031944
