0 0.483594 0.709722 0.028125 0.086111
0 0.329297 0.695833 0.028906 0.083333
0 0.562891 0.716667 0.028906 0.086111
0 0.405078 0.703472 0.028906 0.087500
0 0.252734 0.689583 0.030469 0.084722
2 0.564063 0.736111 0.020313 0.033333
2 0.483594 0.729861 0.018750 0.034722
1 0.328906 0.716667 0.020313 0.033333
1 0.405469 0.725000 0.020313 0.033333
1 0.248047 0.711111 0.016406 0.030556
2 0.332031 0.649306 0.020313 0.034722
2 0.255859 0.677083 0.019531 0.031944
1 0.325000 0.681944 0.018750 0.030556
1 0.404687 0.686806 0.020313 0.031944
