0 0.481250 0.726389 0.028125 0.088889
0 0.324609 0.715278 0.028906 0.086111
0 0.560937 0.731944 0.029687 0.086111
0 0.248828 0.709722 0.030469 0.086111
0 0.402734 0.720139 0.028906 0.087500
2 0.482422 0.747222 0.019531 0.036111
2 0.562500 0.752083 0.020313 0.034722
1 0.244531 0.731944 0.017188 0.033333
2 0.251563 0.695139 0.021875 0.034722
1 0.403125 0.743056 0.020313 0.033333
2 0.328516 0.668750 0.019531 0.034722
1 0.326562 0.737500 0.018750 0.030556
1 0.321484 0.701389 0.019531 0.033333
1 0.402734 0.705556 0.019531 0.033333
