0 0.560937 0.698611 0.028906 0.086111 
0 0.247656 0.683333 0.029687 0.084722 
0 0.481641 0.694444 0.028125 0.086111 
0 0.325781 0.686806 0.027344 0.086111 
0 0.403125 0.691667 0.028125 0.086111 
2 0.329297 0.641667 0.020313 0.036111 
2 0.483203 0.715278 0.018750 0.033333 
1 0.244922 0.703472 0.020313 0.034722 
1 0.403516 0.710417 0.020313 0.034722 
2 0.251172 0.670139 0.021875 0.038889 
1 0.325391 0.707639 0.018750 0.031944 
1 0.325000 0.674306 0.020313 0.036111 
2 0.562891 0.719444 0.019531 0.034722 
