0 0.370312 0.718750 0.030469 0.093056 
0 0.283203 0.716667 0.032031 0.094444 
0 0.457422 0.722222 0.028906 0.093056 
0 0.539844 0.723611 0.030469 0.093056 
0 0.191797 0.715278 0.036719 0.094444 
2 0.458984 0.743056 0.020313 0.037500 
2 0.287891 0.665972 0.021875 0.038889 
2 0.541016 0.745139 0.020313 0.036111 
1 0.371094 0.740278 0.022656 0.040278 
1 0.187500 0.738194 0.024219 0.038889 
1 0.282422 0.739583 0.022656 0.037500 
2 0.196484 0.702083 0.025781 0.041667 
1 0.281250 0.704167 0.021875 0.037500 
