0 0.533984 0.739583 0.031250 0.094444 
0 0.447656 0.738194 0.031250 0.097222 
0 0.166016 0.730556 0.039062 0.104167 
0 0.356250 0.736111 0.033594 0.100000 
0 0.262891 0.734028 0.035156 0.101389 
2 0.268750 0.679861 0.025000 0.043056 
2 0.535937 0.761806 0.021875 0.037500 
2 0.449219 0.760417 0.021875 0.038889 
1 0.357422 0.758333 0.023438 0.041667 
2 0.171094 0.715278 0.026562 0.045833 
1 0.162500 0.756250 0.026562 0.041667 
1 0.260937 0.718750 0.025000 0.041667 
1 0.262891 0.758333 0.025000 0.041667 
