0 0.447266 0.756944 0.032813 0.101389 
0 0.535937 0.762500 0.032813 0.098611 
0 0.354687 0.750694 0.034375 0.104167 
2 0.266797 0.690278 0.024219 0.041667 
0 0.259766 0.745139 0.037500 0.104167 
0 0.162109 0.739583 0.041406 0.104167 
1 0.355469 0.774306 0.024219 0.041667 
2 0.448047 0.779861 0.021875 0.041667 
2 0.168359 0.725000 0.026562 0.043056 
1 0.260156 0.770139 0.025000 0.040278 
1 0.156641 0.763889 0.026562 0.041667 
2 0.537500 0.784722 0.022656 0.038889 
1 0.257422 0.730556 0.024219 0.040278 
