0 0.542188 0.769444 0.033594 0.101389 
0 0.452734 0.757639 0.034375 0.102778 
0 0.265234 0.734028 0.039062 0.105556 
0 0.166797 0.720833 0.042969 0.104167 
2 0.272656 0.679861 0.026562 0.043056 
2 0.453906 0.780556 0.022656 0.040278 
0 0.359375 0.745833 0.036719 0.106944 
1 0.359375 0.770139 0.025000 0.043056 
2 0.542969 0.793056 0.022656 0.038889 
1 0.161328 0.746528 0.026562 0.041667 
1 0.264062 0.759028 0.025000 0.041667 
2 0.172266 0.708333 0.028125 0.044444 
1 0.264062 0.720139 0.025781 0.041667 
