0 0.539453 0.777778 0.033594 0.102778 
0 0.353906 0.753472 0.036719 0.106944 
0 0.157031 0.730556 0.043750 0.111111 
1 0.354297 0.778472 0.025000 0.044444 
0 0.257812 0.742361 0.041406 0.109722 
2 0.265234 0.686806 0.026562 0.044444 
2 0.163281 0.715278 0.028125 0.047222 
2 0.541016 0.801389 0.022656 0.041667 
1 0.151562 0.756944 0.028125 0.044444 
2 0.449609 0.790972 0.023438 0.041667 
0 0.448828 0.765972 0.033594 0.105556 
1 0.257422 0.768750 0.025000 0.041667 
1 0.255859 0.728472 0.027344 0.043056 
