0 0.127344 0.738194 0.046094 0.113889 
0 0.433594 0.761111 0.033594 0.104167 
0 0.335547 0.752083 0.036719 0.109722 
0 0.233594 0.745833 0.040625 0.111111 
2 0.433984 0.784722 0.022656 0.041667 
2 0.527344 0.791667 0.023438 0.041667 
1 0.335156 0.777778 0.025781 0.044444 
1 0.233203 0.772917 0.025781 0.043056 
2 0.133203 0.722222 0.029687 0.050000 
1 0.230859 0.729167 0.027344 0.044444 
2 0.241016 0.687500 0.026562 0.043056 
0 0.525781 0.766667 0.033594 0.104167 
1 0.121484 0.764583 0.030469 0.045833 
1 0.335938 0.732639 0.026562 0.044444 
