0 0.143359 0.739583 0.042188 0.112500 
0 0.248828 0.740278 0.037500 0.111111 
0 0.449219 0.743056 0.034375 0.108333 
0 0.350781 0.740972 0.035937 0.108333 
0 0.543359 0.744444 0.033594 0.104167 
2 0.255078 0.682639 0.027344 0.047222 
1 0.351562 0.765972 0.025000 0.044444 
2 0.545312 0.768750 0.023438 0.041667 
2 0.451172 0.768750 0.023438 0.043056 
1 0.245703 0.723611 0.027344 0.045833 
1 0.136719 0.766667 0.028125 0.044444 
2 0.148828 0.724306 0.029687 0.048611 
1 0.248828 0.766667 0.025781 0.044444 
