0 0.176172 0.731944 0.041406 0.111111 
0 0.278516 0.733333 0.037500 0.108333 
0 0.476172 0.735417 0.034375 0.106944 
0 0.571094 0.735417 0.036719 0.106944 
0 0.377344 0.734722 0.036719 0.106944 
2 0.283203 0.675694 0.027344 0.045833 
1 0.378516 0.759028 0.025781 0.044444 
2 0.574219 0.761111 0.023438 0.041667 
1 0.279297 0.759028 0.025781 0.044444 
2 0.478125 0.760417 0.023438 0.043056 
1 0.274609 0.717361 0.026562 0.045833 
1 0.171875 0.759028 0.028125 0.044444 
2 0.181250 0.716667 0.029687 0.047222 
