0 0.193359 0.732639 0.040625 0.109722 
2 0.298828 0.677778 0.026562 0.047222 
0 0.491016 0.740278 0.034375 0.108333 
0 0.294141 0.736111 0.036719 0.109722 
0 0.587891 0.740972 0.035937 0.106944 
0 0.391797 0.738889 0.035937 0.106944 
2 0.493359 0.764583 0.024219 0.044444 
1 0.188672 0.760417 0.027344 0.044444 
1 0.294531 0.761806 0.024219 0.043056 
2 0.591016 0.765972 0.024219 0.043056 
2 0.198828 0.717361 0.028906 0.048611 
1 0.393359 0.762500 0.025000 0.044444 
1 0.290234 0.720833 0.026562 0.044444 
