0 0.587109 0.761111 0.035937 0.109722 
0 0.489453 0.751389 0.035937 0.109722 
0 0.289844 0.731250 0.039844 0.111111 
0 0.388672 0.740278 0.038281 0.109722 
0 0.187891 0.720833 0.042969 0.108333 
2 0.295703 0.673611 0.026562 0.044444 
2 0.490625 0.776389 0.024219 0.045833 
1 0.289844 0.758333 0.025781 0.044444 
1 0.388281 0.765972 0.027344 0.045833 
1 0.182812 0.747917 0.027344 0.043056 
2 0.589453 0.786806 0.025000 0.044444 
2 0.193750 0.707639 0.028906 0.047222 
1 0.287109 0.713889 0.026562 0.044444 
