0 0.280078 0.736806 0.039062 0.112500 
0 0.579297 0.762500 0.035937 0.109722 
0 0.175781 0.729861 0.043750 0.113889 
0 0.481250 0.754861 0.035156 0.111111 
2 0.285547 0.678472 0.028125 0.045833 
0 0.379688 0.746528 0.038281 0.113889 
2 0.482812 0.779861 0.025000 0.045833 
1 0.170313 0.756944 0.028125 0.045833 
2 0.582031 0.787500 0.025000 0.044444 
1 0.379297 0.772222 0.027344 0.045833 
1 0.279297 0.764583 0.026562 0.044444 
1 0.276172 0.720833 0.028125 0.045833 
1 0.380469 0.727778 0.027344 0.045833 
2 0.181641 0.713194 0.029687 0.048611 
