0 0.510938 0.775694 0.035156 0.113889 
0 0.612109 0.777778 0.038281 0.115278 
0 0.308984 0.768750 0.036719 0.112500 
0 0.410156 0.770833 0.035937 0.113889 
0 0.207422 0.764583 0.041406 0.111111 
2 0.314063 0.709028 0.026562 0.045833 
2 0.513672 0.801389 0.025000 0.045833 
1 0.411328 0.797222 0.025781 0.045833 
1 0.309375 0.795833 0.025781 0.045833 
1 0.201953 0.793056 0.027344 0.044444 
2 0.615625 0.804167 0.025781 0.045833 
1 0.305859 0.750694 0.026562 0.045833 
1 0.408984 0.750000 0.026562 0.044444 
