0 0.306250 0.773611 0.037500 0.115278 
0 0.510156 0.782639 0.035937 0.113889 
2 0.311719 0.715278 0.026562 0.047222 
0 0.407813 0.777083 0.036719 0.115278 
0 0.611719 0.784722 0.039062 0.113889 
0 0.203906 0.770833 0.042969 0.115278 
2 0.208984 0.754861 0.029687 0.047222 
1 0.198437 0.797917 0.028125 0.045833 
1 0.302734 0.756250 0.026562 0.045833 
2 0.614844 0.811111 0.025781 0.045833 
1 0.307031 0.801389 0.025781 0.045833 
1 0.408594 0.804167 0.026562 0.045833 
2 0.512500 0.808333 0.025000 0.045833 
1 0.408203 0.756944 0.027344 0.047222 
