0 0.353125 0.775694 0.037500 0.112500 
0 0.558203 0.788194 0.037500 0.116667 
0 0.253906 0.770833 0.041406 0.113889 
2 0.358594 0.715278 0.026562 0.047222 
2 0.259375 0.754861 0.028906 0.045833 
0 0.454688 0.782639 0.038281 0.112500 
0 0.664062 0.794444 0.042188 0.118056 
1 0.354687 0.802083 0.025781 0.044444 
2 0.667969 0.821528 0.026562 0.045833 
2 0.561328 0.815278 0.025000 0.047222 
1 0.248828 0.797222 0.026562 0.043056 
1 0.350000 0.759028 0.026562 0.045833 
1 0.456641 0.809028 0.025781 0.044444 
1 0.454297 0.761806 0.028125 0.045833 
