0 0.583203 0.772917 0.037500 0.116667 
0 0.281641 0.761111 0.039062 0.109722 
0 0.378516 0.765278 0.035156 0.111111 
0 0.692187 0.776389 0.042188 0.120833 
0 0.478516 0.768750 0.035937 0.115278 
2 0.383203 0.705556 0.025781 0.045833 
1 0.277344 0.788194 0.026562 0.044444 
1 0.380078 0.792361 0.024219 0.044444 
2 0.696094 0.804861 0.027344 0.047222 
2 0.586719 0.800000 0.025781 0.047222 
1 0.480469 0.796528 0.025781 0.044444 
2 0.285938 0.746528 0.027344 0.045833 
1 0.375781 0.748611 0.025781 0.044444 
1 0.478516 0.747917 0.026562 0.048611 
