0 0.439453 0.736111 0.035156 0.108333 
0 0.766797 0.721528 0.048438 0.125000 
0 0.539062 0.731250 0.038281 0.115278 
0 0.346484 0.740278 0.036719 0.106944 
0 0.648828 0.727778 0.041406 0.120833 
2 0.441016 0.676389 0.025000 0.043056 
2 0.771875 0.750694 0.030469 0.050000 
2 0.653125 0.755556 0.027344 0.048611 
1 0.441406 0.762500 0.023438 0.041667 
1 0.436328 0.719444 0.025000 0.043056 
1 0.343359 0.766667 0.025000 0.041667 
1 0.542188 0.759028 0.026562 0.045833 
1 0.537891 0.710417 0.028125 0.047222 
2 0.351172 0.723611 0.025781 0.045833 
