0 0.780859 0.711111 0.050781 0.125000 
2 0.451562 0.672222 0.025000 0.045833 
0 0.660937 0.718750 0.042969 0.122222 
0 0.357031 0.736806 0.035937 0.105556 
0 0.449609 0.730556 0.035156 0.109722 
1 0.353906 0.763194 0.024219 0.043056 
0 0.550391 0.725000 0.039062 0.116667 
1 0.452734 0.756944 0.025000 0.044444 
2 0.665234 0.747222 0.028906 0.050000 
1 0.553906 0.752778 0.027344 0.045833 
2 0.361328 0.720833 0.025000 0.044444 
2 0.786719 0.740278 0.032031 0.052778 
1 0.446875 0.713889 0.025781 0.044444 
