0 0.800391 0.738194 0.050781 0.130556 
0 0.563281 0.738194 0.038281 0.118056 
0 0.676172 0.739583 0.042969 0.122222 
0 0.366406 0.740972 0.035937 0.105556 
0 0.460156 0.738194 0.035156 0.111111 
2 0.463672 0.678472 0.025781 0.045833 
2 0.805469 0.769444 0.032031 0.052778 
2 0.370703 0.723611 0.025781 0.045833 
2 0.680859 0.768750 0.028906 0.050000 
1 0.566406 0.766667 0.028125 0.048611 
1 0.456641 0.721528 0.025781 0.044444 
1 0.462891 0.765278 0.024219 0.045833 
1 0.561328 0.720139 0.028906 0.050000 
1 0.362500 0.766667 0.025000 0.043056 
