0 0.668359 0.754861 0.044531 0.126389 
2 0.454688 0.694444 0.025781 0.045833 
0 0.356250 0.755556 0.035937 0.111111 
0 0.451172 0.756250 0.034375 0.115278 
0 0.554297 0.754167 0.039062 0.120833 
0 0.790625 0.754167 0.050781 0.129167 
2 0.795312 0.784722 0.032031 0.052778 
2 0.360547 0.739583 0.026562 0.047222 
1 0.453516 0.783333 0.024219 0.043056 
1 0.351953 0.783333 0.024219 0.041667 
2 0.671875 0.785417 0.029687 0.051389 
1 0.557422 0.784028 0.027344 0.045833 
1 0.448047 0.738194 0.025000 0.045833 
1 0.553125 0.734028 0.028125 0.048611 
1 0.559375 0.672222 0.025000 0.054167 
