0 0.456250 0.768750 0.035156 0.113889 
0 0.559766 0.765972 0.041406 0.120833 
0 0.360547 0.772917 0.036719 0.111111 
0 0.798828 0.758333 0.053906 0.131944 
2 0.803906 0.788889 0.032813 0.052778 
2 0.458984 0.708333 0.025781 0.045833 
2 0.679688 0.793056 0.029687 0.051389 
0 0.674609 0.763194 0.045312 0.126389 
1 0.458984 0.796528 0.025000 0.045833 
1 0.558203 0.702083 0.028906 0.050000 
1 0.452344 0.750694 0.025000 0.044444 
1 0.356641 0.800694 0.026562 0.044444 
1 0.563281 0.794444 0.028906 0.050000 
2 0.363672 0.754861 0.026562 0.045833 
1 0.558203 0.747222 0.030469 0.051389 
