0 0.706250 0.725694 0.049219 0.130556 
0 0.833984 0.714583 0.058594 0.133333 
0 0.588281 0.731944 0.039844 0.119444 
2 0.485938 0.680556 0.026562 0.047222 
0 0.389844 0.748611 0.038281 0.108333 
0 0.484375 0.740972 0.037500 0.112500 
2 0.841016 0.744444 0.033594 0.054167 
1 0.480469 0.722917 0.025781 0.044444 
1 0.588281 0.666667 0.026562 0.050000 
2 0.711719 0.754861 0.029687 0.051389 
1 0.591406 0.761111 0.028906 0.048611 
2 0.392969 0.731250 0.025781 0.045833 
1 0.387109 0.775000 0.025781 0.041667 
1 0.487109 0.767361 0.025000 0.044444 
1 0.585938 0.712500 0.029687 0.048611 
