0 0.717969 0.712500 0.048438 0.127778 
0 0.849609 0.704167 0.057031 0.136111 
0 0.397656 0.729167 0.035937 0.106944 
2 0.494531 0.663889 0.025781 0.045833 
0 0.597266 0.718056 0.042188 0.119444 
0 0.492578 0.724306 0.035937 0.112500 
2 0.855078 0.736111 0.035937 0.055556 
2 0.722266 0.743750 0.031250 0.052778 
1 0.495703 0.751389 0.025000 0.045833 
2 0.401172 0.713889 0.026562 0.045833 
1 0.489063 0.706250 0.025000 0.044444 
1 0.601172 0.746528 0.029687 0.050000 
1 0.596484 0.652778 0.029687 0.048611 
1 0.394141 0.756944 0.025781 0.043056 
1 0.593359 0.698611 0.030469 0.051389 
