0 0.855859 0.711806 0.057031 0.136111 
2 0.498047 0.661111 0.025781 0.044444 
0 0.721484 0.716667 0.046875 0.127778 
0 0.494922 0.721528 0.035937 0.112500 
2 0.726172 0.747222 0.030469 0.051389 
0 0.399609 0.723611 0.034375 0.108333 
1 0.497266 0.749306 0.024219 0.043056 
1 0.603906 0.747917 0.028906 0.047222 
1 0.396484 0.751389 0.025000 0.041667 
1 0.491406 0.704167 0.025000 0.044444 
0 0.599609 0.718750 0.041406 0.122222 
1 0.600781 0.651389 0.028906 0.052778 
2 0.403906 0.708333 0.025000 0.044444 
2 0.862109 0.743056 0.035156 0.055556 
1 0.595313 0.699306 0.028906 0.050000 
