0 0.717187 0.754861 0.047656 0.133333 
0 0.852734 0.754861 0.057031 0.140278 
0 0.390234 0.751389 0.038281 0.109722 
2 0.491016 0.689583 0.025781 0.047222 
2 0.858594 0.788194 0.035937 0.058333 
1 0.594922 0.685417 0.029687 0.052778 
0 0.593750 0.752083 0.041406 0.123611 
0 0.487109 0.751389 0.036719 0.115278 
2 0.721484 0.785417 0.030469 0.052778 
1 0.489453 0.778472 0.025000 0.045833 
1 0.596875 0.781944 0.029687 0.050000 
1 0.386719 0.777778 0.025000 0.041667 
2 0.394531 0.734722 0.027344 0.047222 
1 0.590625 0.732639 0.028125 0.048611 
1 0.482812 0.731250 0.025000 0.044444 
