2 0.470703 0.720139 0.027344 0.048611 
0 0.368750 0.785417 0.037500 0.112500 
0 0.828125 0.787500 0.056250 0.137500 
0 0.696484 0.787500 0.046875 0.133333 
0 0.467969 0.784028 0.035937 0.116667 
0 0.575000 0.786806 0.041406 0.126389 
2 0.834375 0.820139 0.035937 0.056944 
1 0.577734 0.815972 0.029687 0.050000 
1 0.469922 0.813194 0.025781 0.047222 
1 0.464062 0.765972 0.026562 0.047222 
2 0.701953 0.818750 0.029687 0.054167 
1 0.576172 0.717361 0.028906 0.052778 
2 0.372656 0.768056 0.026562 0.048611 
1 0.364453 0.813194 0.026562 0.045833 
1 0.571094 0.765972 0.028906 0.051389 
