0 0.653906 0.769444 0.044531 0.129167 
0 0.431250 0.768056 0.035937 0.118056 
0 0.329688 0.768750 0.038281 0.115278 
0 0.536719 0.767361 0.039844 0.123611 
2 0.434766 0.704167 0.026562 0.048611 
2 0.334766 0.752083 0.028125 0.047222 
1 0.537891 0.700000 0.029687 0.055556 
2 0.782813 0.798611 0.032813 0.055556 
1 0.426953 0.751389 0.025781 0.047222 
1 0.433594 0.796528 0.025781 0.047222 
2 0.658203 0.798611 0.028906 0.051389 
0 0.776563 0.768056 0.050000 0.131944 
1 0.539453 0.797917 0.028125 0.050000 
1 0.326172 0.797917 0.027344 0.045833 
1 0.533984 0.749306 0.028906 0.051389 
