0 0.676953 0.800000 0.049219 0.131944 
2 0.452344 0.741667 0.026562 0.048611 
0 0.804688 0.795833 0.057031 0.137500 
0 0.556250 0.802778 0.041406 0.125000 
1 0.555859 0.734722 0.028906 0.051389 
2 0.682031 0.830556 0.031250 0.054167 
0 0.449219 0.805556 0.038281 0.122222 
1 0.560547 0.833333 0.028906 0.050000 
1 0.451562 0.834722 0.025781 0.047222 
2 0.811719 0.827778 0.035156 0.056944 
1 0.344922 0.838889 0.026562 0.044444 
2 0.353516 0.793056 0.027344 0.047222 
1 0.445312 0.787500 0.027344 0.047222 
1 0.551562 0.781250 0.027344 0.048611 
0 0.349219 0.809722 0.038281 0.115278 
