2 0.450000 0.743056 0.026562 0.048611 
0 0.553906 0.809722 0.040625 0.127778 
0 0.345703 0.806250 0.039844 0.120833 
2 0.808984 0.844444 0.035156 0.058333 
0 0.445312 0.808333 0.038281 0.125000 
0 0.803516 0.813194 0.054688 0.137500 
1 0.448047 0.836806 0.026562 0.048611 
1 0.556641 0.840278 0.029687 0.050000 
2 0.679688 0.843056 0.031250 0.054167 
1 0.341016 0.835417 0.027344 0.047222 
1 0.554688 0.738889 0.028906 0.051389 
1 0.442578 0.788194 0.027344 0.048611 
0 0.674219 0.811806 0.047656 0.136111 
2 0.350781 0.788889 0.028906 0.050000 
1 0.550000 0.786806 0.028906 0.051389 
