0 0.691797 0.847917 0.049219 0.138889 
0 0.357031 0.831250 0.040625 0.119444 
2 0.830469 0.886111 0.035937 0.061111 
2 0.462500 0.770833 0.027344 0.050000 
0 0.567578 0.839583 0.042188 0.130556 
1 0.571094 0.872917 0.030469 0.051389 
1 0.460156 0.864583 0.026562 0.048611 
0 0.458203 0.836111 0.037500 0.122222 
1 0.352734 0.861111 0.028125 0.047222 
1 0.568359 0.770833 0.029687 0.052778 
2 0.695703 0.880556 0.031250 0.055556 
0 0.824219 0.853472 0.057031 0.143056 
1 0.454688 0.817361 0.026562 0.047222 
1 0.562891 0.820139 0.027344 0.050000 
