0 0.693359 0.852778 0.047656 0.137500 
0 0.358594 0.829861 0.039062 0.118056 
2 0.832812 0.895139 0.035156 0.059722 
0 0.826562 0.861806 0.056250 0.144444 
0 0.569531 0.843056 0.040625 0.130556 
2 0.464062 0.772917 0.026562 0.050000 
1 0.460938 0.865972 0.026562 0.048611 
0 0.459375 0.837500 0.036719 0.120833 
1 0.571875 0.875694 0.030469 0.052778 
1 0.570312 0.775000 0.028125 0.052778 
1 0.353125 0.859722 0.027344 0.047222 
1 0.456250 0.818056 0.026562 0.047222 
2 0.697656 0.885417 0.032031 0.056944 
1 0.564844 0.822222 0.028125 0.051389 
2 0.363672 0.813194 0.028125 0.050000 
