0 0.710547 0.808333 0.049219 0.136111 
0 0.843750 0.806250 0.060156 0.140278 
0 0.585547 0.807639 0.040625 0.122222 
2 0.480078 0.742361 0.027344 0.048611 
0 0.477734 0.808333 0.036719 0.119444 
2 0.850781 0.840278 0.035156 0.055556 
1 0.589453 0.837500 0.029687 0.052778 
1 0.586328 0.738194 0.029687 0.054167 
0 0.377344 0.809028 0.038281 0.116667 
1 0.480859 0.836806 0.025781 0.047222 
2 0.715234 0.838889 0.032813 0.055556 
2 0.381641 0.791667 0.028125 0.047222 
1 0.373828 0.837500 0.027344 0.045833 
1 0.473828 0.788889 0.025781 0.047222 
1 0.580859 0.786806 0.028906 0.050000 
