0 0.703906 0.792361 0.051562 0.134722 
0 0.835547 0.784028 0.061719 0.140278 
2 0.842969 0.815278 0.035156 0.056944 
0 0.580859 0.797222 0.042969 0.126389 
0 0.473438 0.803472 0.039062 0.118056 
2 0.475391 0.740278 0.027344 0.048611 
1 0.476953 0.832639 0.025781 0.048611 
1 0.580469 0.729861 0.028906 0.051389 
2 0.378125 0.792361 0.028125 0.048611 
2 0.709375 0.822222 0.032813 0.055556 
1 0.469531 0.785417 0.026562 0.047222 
1 0.585547 0.827778 0.029687 0.051389 
1 0.369141 0.838889 0.027344 0.047222 
0 0.373828 0.809722 0.039844 0.116667 
1 0.576172 0.777083 0.028125 0.048611 
