0 0.507812 0.818056 0.037500 0.122222 
2 0.510156 0.754861 0.027344 0.048611 
0 0.407422 0.821528 0.038281 0.116667 
0 0.889062 0.812500 0.068750 0.150000 
0 0.618359 0.816667 0.042969 0.131944 
0 0.747266 0.817361 0.053906 0.141667 
1 0.617578 0.747222 0.029687 0.054167 
2 0.411719 0.804167 0.027344 0.048611 
1 0.404297 0.850694 0.026562 0.044444 
1 0.622656 0.848611 0.030469 0.052778 
2 0.897266 0.846528 0.039844 0.061111 
1 0.511328 0.848611 0.026562 0.048611 
1 0.503906 0.800000 0.025000 0.045833 
2 0.753516 0.848611 0.034375 0.056944 
1 0.613672 0.796528 0.028906 0.050000 
