0 0.770703 0.818056 0.048438 0.133333 
2 0.429688 0.743750 0.027344 0.047222 
0 0.533203 0.810417 0.039062 0.125000 
0 0.320312 0.807639 0.040625 0.119444 
0 0.650000 0.815972 0.042969 0.130556 
1 0.425781 0.838194 0.026562 0.048611 
1 0.535937 0.840972 0.029687 0.051389 
2 0.775781 0.847917 0.032031 0.055556 
1 0.534375 0.743056 0.029687 0.050000 
2 0.653906 0.845833 0.029687 0.052778 
1 0.315234 0.836806 0.028125 0.048611 
0 0.424609 0.809028 0.037500 0.120833 
2 0.326172 0.788889 0.029687 0.051389 
1 0.421484 0.790278 0.026562 0.047222 
1 0.529297 0.790278 0.028125 0.051389 
