2 0.426563 0.733333 0.025781 0.048611 
0 0.317578 0.793750 0.039062 0.118056 
0 0.421875 0.796528 0.036719 0.119444 
0 0.529687 0.798611 0.039062 0.122222 
0 0.764844 0.804861 0.046875 0.129167 
1 0.531250 0.731944 0.026562 0.051389 
0 0.645703 0.801389 0.042969 0.127778 
2 0.322266 0.777083 0.028125 0.050000 
2 0.770312 0.834722 0.029687 0.051389 
1 0.423438 0.825694 0.026562 0.047222 
1 0.532422 0.828472 0.028906 0.048611 
1 0.313281 0.823611 0.027344 0.047222 
2 0.650000 0.833333 0.028125 0.050000 
1 0.526953 0.778472 0.027344 0.048611 
