0 0.429297 0.768056 0.035937 0.116667 
0 0.770703 0.765972 0.046875 0.126389 
0 0.535547 0.766667 0.039062 0.122222 
0 0.325391 0.770139 0.038281 0.115278 
2 0.775391 0.795833 0.030469 0.052778 
2 0.433203 0.706250 0.026562 0.050000 
1 0.536719 0.701389 0.029687 0.054167 
2 0.330469 0.752778 0.028125 0.050000 
0 0.651563 0.768056 0.042969 0.127778 
1 0.431250 0.796528 0.025000 0.047222 
2 0.655859 0.797222 0.028906 0.051389 
1 0.538672 0.796528 0.028125 0.050000 
1 0.425781 0.750694 0.026562 0.045833 
1 0.321484 0.798611 0.027344 0.047222 
1 0.532813 0.749306 0.028906 0.051389 
