0 0.668359 0.727083 0.045312 0.126389 
0 0.446484 0.741667 0.037500 0.116667 
0 0.344922 0.750000 0.039062 0.115278 
0 0.789062 0.716667 0.049219 0.126389 
2 0.448828 0.680556 0.027344 0.047222 
0 0.553516 0.734722 0.041406 0.120833 
1 0.449609 0.770139 0.025781 0.048611 
2 0.794141 0.745833 0.030469 0.050000 
1 0.442578 0.724306 0.027344 0.047222 
2 0.348438 0.734722 0.028906 0.050000 
1 0.557031 0.762500 0.029687 0.050000 
1 0.552344 0.668056 0.028125 0.048611 
2 0.673828 0.755556 0.029687 0.051389 
1 0.340625 0.779167 0.026562 0.045833 
1 0.550781 0.712500 0.030469 0.050000 
