0 0.713281 0.722222 0.050000 0.127778 
0 0.384375 0.753472 0.039062 0.115278 
0 0.594141 0.732639 0.043750 0.122222 
0 0.835156 0.709722 0.056250 0.129167 
0 0.486328 0.743750 0.039062 0.115278 
2 0.487891 0.680556 0.025781 0.047222 
1 0.489844 0.771528 0.025781 0.047222 
2 0.388672 0.737500 0.026562 0.047222 
1 0.592578 0.665972 0.028906 0.048611 
2 0.841406 0.740278 0.032813 0.052778 
2 0.718359 0.752083 0.031250 0.052778 
1 0.381250 0.781944 0.026562 0.044444 
1 0.598047 0.761111 0.029687 0.050000 
1 0.483203 0.726389 0.027344 0.045833 
1 0.591406 0.713194 0.030469 0.048611 
