2 0.494922 0.678472 0.026562 0.045833 
0 0.392578 0.754861 0.040625 0.115278 
0 0.493359 0.740278 0.040625 0.116667 
0 0.844141 0.692361 0.058594 0.129167 
0 0.719922 0.711111 0.052344 0.127778 
0 0.601953 0.725694 0.046094 0.123611 
1 0.600000 0.660417 0.029687 0.050000 
1 0.498047 0.768056 0.025781 0.047222 
2 0.725781 0.740972 0.030469 0.051389 
2 0.395703 0.738194 0.026562 0.045833 
1 0.390234 0.783333 0.026562 0.044444 
1 0.606641 0.754167 0.029687 0.050000 
1 0.489844 0.723611 0.026562 0.045833 
2 0.850000 0.721528 0.034375 0.052778 
