0 0.419531 0.748611 0.045312 0.119444 
0 0.520312 0.725694 0.046094 0.120833 
2 0.422266 0.733333 0.027344 0.045833 
2 0.883203 0.672917 0.033594 0.055556 
2 0.519922 0.663889 0.028125 0.048611 
0 0.750000 0.674306 0.058594 0.131944 
1 0.525781 0.754167 0.026562 0.045833 
2 0.755859 0.703472 0.032031 0.052778 
0 0.876563 0.643056 0.063281 0.134722 
0 0.629297 0.701389 0.050781 0.126389 
1 0.633984 0.730556 0.029687 0.051389 
1 0.417969 0.779167 0.026562 0.045833 
1 0.515625 0.709028 0.027344 0.044444 
1 0.623437 0.636806 0.031250 0.048611 
