2 0.532813 0.675694 0.028125 0.047222 
0 0.766797 0.681250 0.058594 0.137500 
0 0.535156 0.738194 0.047656 0.119444 
0 0.644141 0.709722 0.052344 0.131944 
0 0.433203 0.763194 0.046094 0.119444 
0 0.897266 0.645833 0.068750 0.136111 
1 0.540625 0.765972 0.026562 0.048611 
2 0.773438 0.709722 0.034375 0.054167 
1 0.432422 0.793750 0.027344 0.045833 
2 0.903906 0.675000 0.035156 0.055556 
1 0.528906 0.721528 0.027344 0.047222 
1 0.638672 0.645833 0.029687 0.050000 
1 0.650000 0.738889 0.030469 0.051389 
2 0.435937 0.747222 0.028906 0.045833 
