2 0.540625 0.674306 0.028125 0.047222 
0 0.907813 0.646528 0.069531 0.136111 
0 0.441016 0.761806 0.042188 0.118056 
0 0.543359 0.736806 0.047656 0.118056 
2 0.915234 0.677778 0.035156 0.055556 
0 0.651953 0.708333 0.053125 0.130556 
0 0.775391 0.680556 0.063281 0.134722 
2 0.782813 0.710417 0.033594 0.055556 
1 0.657422 0.739583 0.029687 0.050000 
1 0.440234 0.791667 0.026562 0.045833 
2 0.443750 0.745139 0.026562 0.044444 
1 0.547656 0.764583 0.025781 0.047222 
1 0.645703 0.643750 0.029687 0.050000 
1 0.537891 0.719444 0.028125 0.044444 
