0 0.781641 0.709722 0.063281 0.137500 
2 0.544922 0.690972 0.028125 0.047222 
0 0.656641 0.731944 0.051562 0.130556 
0 0.444531 0.775694 0.042188 0.118056 
0 0.914453 0.681250 0.067969 0.140278 
0 0.545703 0.754167 0.046094 0.119444 
1 0.662109 0.763889 0.030469 0.051389 
2 0.447266 0.758333 0.026562 0.044444 
1 0.651953 0.666667 0.028906 0.048611 
1 0.442969 0.805556 0.027344 0.045833 
2 0.921875 0.713194 0.038281 0.055556 
2 0.789062 0.738889 0.034375 0.052778 
1 0.551172 0.782639 0.027344 0.045833 
1 0.652734 0.713194 0.032813 0.051389 
1 0.541797 0.737500 0.028125 0.045833 
