0 0.432812 0.800694 0.039844 0.118056 
2 0.539453 0.733333 0.028125 0.048611 
0 0.907422 0.781250 0.062500 0.137500 
0 0.774219 0.787500 0.054688 0.136111 
2 0.912891 0.814583 0.035156 0.056944 
0 0.648828 0.792361 0.043750 0.129167 
0 0.537109 0.795833 0.039062 0.120833 
1 0.652734 0.823611 0.030469 0.051389 
2 0.437109 0.784028 0.027344 0.047222 
1 0.541016 0.825694 0.026562 0.047222 
1 0.647266 0.723611 0.031250 0.052778 
2 0.779687 0.819444 0.033594 0.055556 
1 0.430469 0.831250 0.028906 0.045833 
1 0.533984 0.778472 0.028125 0.048611 
1 0.645703 0.772222 0.032031 0.054167 
