0 0.472656 0.772222 0.039062 0.113889 
0 0.690234 0.771528 0.044531 0.126389 
0 0.821484 0.773611 0.054688 0.138889 
0 0.964844 0.770139 0.064844 0.140278 
0 0.575781 0.772222 0.039844 0.120833 
1 0.689063 0.704167 0.031250 0.054167 
2 0.578125 0.710417 0.027344 0.047222 
2 0.828125 0.803472 0.035156 0.056944 
1 0.694922 0.802778 0.030469 0.052778 
2 0.971484 0.801389 0.038281 0.059722 
1 0.580469 0.801389 0.025781 0.047222 
2 0.475781 0.756250 0.027344 0.047222 
1 0.469531 0.801389 0.026562 0.044444 
1 0.571875 0.755556 0.027344 0.047222 
1 0.688672 0.752083 0.032813 0.050000 
