0 0.500000 0.746528 0.038281 0.113889 
0 0.858984 0.732639 0.060156 0.140278 
0 0.604297 0.743056 0.040625 0.119444 
0 0.721094 0.735417 0.046875 0.133333 
2 0.605859 0.679167 0.028906 0.048611 
1 0.719531 0.668750 0.032813 0.055556 
1 0.608594 0.770833 0.027344 0.048611 
2 0.865625 0.763889 0.036719 0.059722 
0 0.986328 0.724306 0.025781 0.144444 
2 0.502344 0.729167 0.027344 0.047222 
1 0.726562 0.768056 0.032813 0.052778 
1 0.498047 0.774306 0.026562 0.044444 
1 0.717969 0.715278 0.033594 0.052778 
1 0.601172 0.725000 0.029687 0.048611 
