2 0.527344 0.645833 0.027344 0.047222 
0 0.426172 0.716667 0.036719 0.111111 
0 0.525781 0.706250 0.037500 0.112500 
0 0.746094 0.684028 0.048438 0.126389 
0 0.630469 0.695833 0.039844 0.119444 
0 0.863672 0.672917 0.048438 0.122222 
1 0.630078 0.632639 0.027344 0.048611 
2 0.428906 0.701389 0.026562 0.045833 
1 0.634766 0.722917 0.026562 0.047222 
2 0.867578 0.701389 0.029687 0.048611 
1 0.530469 0.732639 0.023438 0.043056 
2 0.751172 0.713889 0.030469 0.048611 
1 0.626953 0.677778 0.027344 0.047222 
1 0.424219 0.744444 0.024219 0.043056 
