0 0.669922 0.712500 0.042188 0.122222 
2 0.564453 0.656250 0.028125 0.048611 
0 0.793359 0.710417 0.050000 0.127778 
0 0.562500 0.715972 0.039062 0.115278 
0 0.460547 0.719444 0.037500 0.109722 
0 0.921484 0.706250 0.054688 0.133333 
1 0.669922 0.648611 0.029687 0.052778 
1 0.566016 0.745139 0.025000 0.044444 
2 0.798047 0.741667 0.032031 0.052778 
1 0.674219 0.742361 0.028906 0.050000 
1 0.458984 0.747222 0.025781 0.043056 
2 0.926562 0.736806 0.033594 0.051389 
2 0.464062 0.704167 0.026562 0.044444 
1 0.558203 0.700000 0.027344 0.045833 
1 0.666406 0.694444 0.028125 0.048611 
