2 0.541406 0.651389 0.028125 0.048611 
0 0.763672 0.690278 0.050781 0.126389 
0 0.539844 0.711806 0.039844 0.113889 
0 0.884766 0.677083 0.051562 0.125000 
0 0.644531 0.702778 0.042969 0.118056 
0 0.439063 0.722917 0.039062 0.111111 
1 0.644141 0.640278 0.028906 0.050000 
1 0.436719 0.750000 0.025000 0.043056 
1 0.543359 0.740278 0.023438 0.043056 
1 0.648828 0.729167 0.027344 0.047222 
2 0.768750 0.718056 0.030469 0.050000 
2 0.442188 0.707639 0.026562 0.044444 
2 0.889062 0.706250 0.030469 0.048611 
1 0.535547 0.695833 0.025000 0.044444 
1 0.641016 0.683333 0.028906 0.045833 
