0 0.521094 0.698611 0.037500 0.112500 
0 0.422266 0.702778 0.037500 0.109722 
0 0.741016 0.689583 0.045312 0.122222 
0 0.857031 0.682639 0.049219 0.123611 
0 0.626172 0.693750 0.039844 0.116667 
2 0.524219 0.637500 0.026562 0.047222 
1 0.629297 0.720833 0.026562 0.047222 
1 0.626563 0.631250 0.029687 0.050000 
1 0.525391 0.725000 0.025000 0.045833 
2 0.744531 0.717361 0.029687 0.050000 
1 0.419531 0.729861 0.025000 0.044444 
2 0.861328 0.711806 0.031250 0.051389 
1 0.517969 0.681250 0.026562 0.045833 
1 0.622656 0.674306 0.028125 0.048611 
2 0.425000 0.686806 0.025781 0.045833 
