0 0.510938 0.775694 0.036719 0.118056 
2 0.515625 0.713889 0.026562 0.048611 
0 0.729297 0.798611 0.042969 0.127778 
0 0.409766 0.765278 0.038281 0.115278 
0 0.844922 0.808333 0.046094 0.127778 
1 0.617188 0.816667 0.027344 0.048611 
0 0.615625 0.785417 0.038281 0.125000 
1 0.617188 0.721528 0.028125 0.050000 
1 0.406250 0.794444 0.025781 0.044444 
2 0.847656 0.840278 0.031250 0.052778 
2 0.732422 0.828472 0.031250 0.051389 
1 0.512500 0.804167 0.025781 0.047222 
2 0.413281 0.751389 0.027344 0.047222 
1 0.612891 0.765972 0.028125 0.048611 
1 0.507422 0.757639 0.026562 0.045833 
