0 0.485156 0.736111 0.036719 0.112500 
0 0.693750 0.760417 0.040625 0.118056 
0 0.385156 0.726389 0.038281 0.111111 
0 0.799609 0.771528 0.041406 0.119444 
2 0.490234 0.677778 0.025781 0.045833 
1 0.587500 0.775694 0.025000 0.045833 
0 0.586328 0.747917 0.035937 0.113889 
2 0.696094 0.788194 0.028125 0.048611 
1 0.381250 0.753472 0.025000 0.043056 
1 0.588281 0.686806 0.025781 0.048611 
2 0.801953 0.800000 0.028125 0.048611 
1 0.481641 0.720139 0.026562 0.044444 
2 0.388672 0.710417 0.026562 0.045833 
1 0.486328 0.763889 0.025000 0.044444 
