0 0.807813 0.739583 0.041406 0.115278 
0 0.394141 0.692361 0.036719 0.108333 
2 0.498047 0.645833 0.025781 0.047222 
0 0.701172 0.727778 0.039844 0.116667 
0 0.493750 0.702083 0.036719 0.111111 
0 0.593750 0.713194 0.036719 0.113889 
1 0.594922 0.741667 0.025000 0.044444 
2 0.703516 0.754861 0.028125 0.048611 
1 0.595703 0.655556 0.027344 0.048611 
1 0.494531 0.729167 0.024219 0.043056 
2 0.810156 0.767361 0.028125 0.047222 
1 0.390234 0.719444 0.024219 0.041667 
2 0.397656 0.678472 0.025781 0.045833 
1 0.489063 0.686111 0.024219 0.041667 
1 0.591016 0.697222 0.025000 0.043056 
