0 0.391797 0.686111 0.037500 0.111111 
0 0.591797 0.686806 0.036719 0.113889 
0 0.698828 0.689583 0.040625 0.116667 
2 0.495312 0.629167 0.025000 0.045833 
0 0.804297 0.688889 0.042188 0.113889 
0 0.491016 0.686111 0.036719 0.112500 
1 0.592578 0.627083 0.027344 0.047222 
1 0.594141 0.715278 0.025781 0.044444 
1 0.494141 0.713889 0.024219 0.043056 
1 0.487891 0.670833 0.025781 0.044444 
1 0.389062 0.713194 0.025000 0.043056 
2 0.807031 0.716667 0.027344 0.047222 
2 0.395313 0.670833 0.026562 0.045833 
1 0.589063 0.668750 0.025781 0.044444 
2 0.701953 0.716667 0.027344 0.048611 
