0 0.585156 0.688889 0.035937 0.112500 
0 0.691016 0.684722 0.041406 0.116667 
0 0.383984 0.702083 0.037500 0.111111 
2 0.487891 0.635417 0.025781 0.047222 
0 0.794922 0.677083 0.041406 0.112500 
0 0.485156 0.694444 0.035937 0.109722 
1 0.585156 0.627778 0.025781 0.047222 
2 0.797266 0.704861 0.027344 0.045833 
1 0.587891 0.716667 0.026562 0.047222 
1 0.382422 0.728472 0.025000 0.043056 
1 0.481641 0.678472 0.026562 0.045833 
2 0.694531 0.711111 0.028125 0.047222 
1 0.488281 0.721528 0.024219 0.044444 
2 0.387500 0.686111 0.025781 0.044444 
1 0.582422 0.670139 0.026562 0.044444 
