2 0.471094 0.650000 0.025781 0.045833 
0 0.671484 0.690972 0.042188 0.112500 
0 0.367188 0.719444 0.039062 0.111111 
0 0.468750 0.707639 0.037500 0.112500 
2 0.775781 0.706250 0.025781 0.044444 
0 0.567969 0.699306 0.037500 0.112500 
0 0.773047 0.679167 0.042188 0.111111 
1 0.568359 0.639583 0.026562 0.044444 
1 0.571094 0.725694 0.025000 0.044444 
1 0.364844 0.746528 0.025000 0.043056 
1 0.472266 0.735417 0.024219 0.043056 
2 0.371484 0.704861 0.028125 0.045833 
1 0.464062 0.691667 0.025000 0.044444 
2 0.675781 0.716667 0.028125 0.044444 
1 0.565234 0.681250 0.027344 0.045833 
