0 0.347656 0.736806 0.039062 0.115278 
0 0.651172 0.701389 0.040625 0.112500 
0 0.748047 0.688889 0.041406 0.108333 
2 0.452344 0.663889 0.025000 0.045833 
0 0.549609 0.711111 0.037500 0.112500 
1 0.453906 0.750694 0.024219 0.044444 
2 0.750781 0.714583 0.026562 0.044444 
2 0.351172 0.720139 0.027344 0.047222 
1 0.553125 0.738889 0.025000 0.043056 
0 0.449609 0.722917 0.036719 0.112500 
1 0.345313 0.765278 0.026562 0.044444 
2 0.654687 0.726389 0.028125 0.045833 
1 0.549219 0.652778 0.025781 0.047222 
1 0.446484 0.707639 0.025000 0.045833 
1 0.546484 0.694444 0.026562 0.045833 
