0 0.335547 0.756250 0.041406 0.118056 
0 0.538281 0.721528 0.037500 0.112500 
0 0.438672 0.738194 0.037500 0.109722 
0 0.732812 0.690972 0.043750 0.106944 
2 0.441016 0.679167 0.026562 0.045833 
0 0.638672 0.709028 0.041406 0.111111 
2 0.339062 0.740278 0.028125 0.047222 
1 0.541797 0.749306 0.024219 0.044444 
1 0.443750 0.765972 0.024219 0.044444 
1 0.333594 0.785417 0.026562 0.045833 
1 0.538281 0.663889 0.025000 0.044444 
2 0.736328 0.717361 0.025781 0.043056 
2 0.642578 0.733333 0.026562 0.044444 
1 0.436328 0.722222 0.026562 0.045833 
1 0.535547 0.704861 0.025000 0.043056 
