0 0.349609 0.754167 0.039844 0.115278 
0 0.652734 0.714583 0.041406 0.112500 
0 0.452344 0.740972 0.036719 0.111111 
0 0.551562 0.725694 0.037500 0.113889 
2 0.454297 0.680556 0.025781 0.045833 
0 0.748828 0.701389 0.042188 0.108333 
2 0.751563 0.727083 0.025781 0.043056 
1 0.551172 0.668750 0.026562 0.047222 
1 0.456250 0.766667 0.024219 0.044444 
1 0.555078 0.752778 0.025000 0.044444 
2 0.352734 0.737500 0.027344 0.047222 
2 0.656250 0.740278 0.026562 0.044444 
1 0.347266 0.783333 0.026562 0.045833 
1 0.449219 0.722917 0.026562 0.045833 
1 0.548828 0.707639 0.026562 0.044444 
