0 0.561719 0.726389 0.035937 0.113889 
0 0.360156 0.750000 0.039844 0.115278 
0 0.462109 0.738194 0.035937 0.109722 
2 0.464453 0.679167 0.025781 0.045833 
0 0.663672 0.718750 0.040625 0.113889 
0 0.762109 0.706944 0.042188 0.108333 
1 0.562109 0.668056 0.025781 0.047222 
1 0.564844 0.754167 0.025000 0.045833 
1 0.466016 0.765972 0.025000 0.044444 
2 0.667578 0.744444 0.026562 0.045833 
1 0.358203 0.778472 0.026562 0.044444 
2 0.764844 0.733333 0.026562 0.044444 
1 0.458984 0.722222 0.026562 0.045833 
2 0.363672 0.734028 0.027344 0.045833 
1 0.559375 0.709028 0.025000 0.045833 
