0 0.363672 0.749306 0.039844 0.113889 
0 0.465234 0.736806 0.035937 0.109722 
2 0.467578 0.677778 0.025781 0.045833 
0 0.565234 0.725000 0.035937 0.113889 
0 0.667188 0.716667 0.041406 0.113889 
0 0.766016 0.705556 0.041406 0.109722 
1 0.469531 0.763889 0.025000 0.045833 
1 0.564844 0.667361 0.025781 0.045833 
2 0.769141 0.731250 0.026562 0.044444 
1 0.568359 0.752778 0.025000 0.045833 
2 0.670703 0.743056 0.027344 0.045833 
1 0.361328 0.777083 0.025781 0.044444 
2 0.366797 0.732639 0.028125 0.047222 
1 0.462109 0.720833 0.026562 0.045833 
1 0.562891 0.707639 0.025781 0.044444 
