0 0.371875 0.747222 0.038281 0.112500 
0 0.675391 0.717361 0.042188 0.115278 
0 0.775000 0.706250 0.042969 0.109722 
0 0.472656 0.735417 0.036719 0.111111 
1 0.576172 0.752083 0.025781 0.045833 
0 0.573047 0.724306 0.037500 0.112500 
2 0.475781 0.676389 0.025781 0.047222 
2 0.778125 0.731944 0.026562 0.045833 
1 0.573047 0.665972 0.026562 0.047222 
1 0.369531 0.775000 0.025781 0.044444 
2 0.679297 0.742361 0.027344 0.045833 
1 0.476953 0.763194 0.024219 0.044444 
2 0.374609 0.731250 0.026562 0.045833 
1 0.469141 0.719444 0.026562 0.044444 
1 0.570312 0.708333 0.025781 0.047222 
