0 0.375000 0.747222 0.038281 0.113889 
0 0.778516 0.705556 0.043750 0.111111 
0 0.679297 0.716667 0.042969 0.115278 
0 0.475781 0.736111 0.036719 0.112500 
2 0.478125 0.675694 0.025781 0.045833 
1 0.578906 0.752083 0.025000 0.044444 
0 0.575781 0.725000 0.037500 0.113889 
1 0.575781 0.665278 0.026562 0.047222 
1 0.472656 0.718750 0.026562 0.044444 
2 0.782422 0.731944 0.028125 0.045833 
2 0.683594 0.742361 0.028125 0.045833 
1 0.479687 0.762500 0.024219 0.044444 
1 0.373047 0.775000 0.025781 0.044444 
2 0.378125 0.729861 0.026562 0.047222 
1 0.573047 0.706250 0.026562 0.045833 
