0 0.582812 0.736111 0.037500 0.112500 
2 0.484375 0.689583 0.025781 0.045833 
0 0.686719 0.725694 0.046094 0.113889 
0 0.380078 0.764583 0.038281 0.113889 
0 0.482031 0.749306 0.037500 0.113889 
0 0.787109 0.711111 0.046875 0.111111 
1 0.486719 0.776389 0.025000 0.044444 
1 0.582422 0.677083 0.026562 0.047222 
1 0.478516 0.732639 0.025781 0.044444 
2 0.384375 0.748611 0.027344 0.045833 
2 0.791406 0.737500 0.027344 0.044444 
1 0.378516 0.792361 0.025781 0.044444 
1 0.586328 0.763194 0.026562 0.047222 
2 0.691016 0.751389 0.028125 0.047222 
1 0.579297 0.719444 0.026562 0.045833 
