0 0.692969 0.725694 0.047656 0.116667 
2 0.488672 0.692361 0.025000 0.047222 
0 0.386328 0.767361 0.039062 0.115278 
0 0.588281 0.737500 0.037500 0.113889 
0 0.794141 0.711111 0.048438 0.112500 
0 0.487109 0.751389 0.039062 0.115278 
1 0.591797 0.765972 0.025781 0.045833 
2 0.797656 0.738194 0.028125 0.044444 
1 0.383984 0.795833 0.025781 0.044444 
1 0.491797 0.779167 0.025000 0.044444 
1 0.586719 0.678472 0.026562 0.047222 
2 0.697656 0.752083 0.030469 0.048611 
2 0.389844 0.752083 0.027344 0.045833 
1 0.584375 0.720833 0.026562 0.045833 
1 0.483203 0.736111 0.026562 0.047222 
1 0.585547 0.703472 0.027344 0.055556 
