0 0.695312 0.725694 0.047656 0.116667 
2 0.491406 0.694444 0.025000 0.047222 
0 0.389062 0.770139 0.039844 0.115278 
0 0.489453 0.754861 0.039062 0.113889 
0 0.590234 0.739583 0.039062 0.113889 
1 0.494141 0.781250 0.025781 0.045833 
0 0.797266 0.710417 0.047656 0.112500 
1 0.594531 0.766667 0.025781 0.045833 
1 0.485938 0.738194 0.025781 0.045833 
1 0.588672 0.680556 0.028125 0.047222 
1 0.386719 0.799306 0.025781 0.044444 
2 0.700781 0.752778 0.029687 0.047222 
2 0.801172 0.736806 0.028125 0.045833 
2 0.392578 0.753472 0.026562 0.045833 
1 0.587500 0.721528 0.027344 0.044444 
