0 0.801562 0.707639 0.048438 0.112500 
0 0.392578 0.769444 0.040625 0.116667 
0 0.492969 0.753472 0.039844 0.115278 
2 0.494531 0.693750 0.025000 0.045833 
0 0.593750 0.738889 0.039844 0.115278 
0 0.698047 0.724306 0.047656 0.119444 
1 0.598047 0.765278 0.025781 0.045833 
1 0.592578 0.677778 0.026562 0.047222 
1 0.390625 0.799306 0.025781 0.044444 
2 0.703906 0.750000 0.029687 0.050000 
1 0.497266 0.781250 0.025781 0.045833 
1 0.489063 0.737500 0.026562 0.045833 
1 0.589844 0.721528 0.026562 0.045833 
2 0.395703 0.754167 0.026562 0.044444 
2 0.805078 0.734028 0.028906 0.045833 
