2 0.496094 0.692361 0.025781 0.045833 
0 0.394531 0.769444 0.040625 0.116667 
0 0.494531 0.753472 0.039844 0.115278 
0 0.803906 0.704861 0.048438 0.113889 
0 0.596094 0.737500 0.040625 0.115278 
1 0.594141 0.677083 0.026562 0.047222 
2 0.807813 0.730556 0.028906 0.047222 
1 0.600391 0.764583 0.027344 0.047222 
2 0.706641 0.747917 0.028906 0.045833 
1 0.491016 0.736111 0.026562 0.045833 
1 0.392578 0.799306 0.025781 0.044444 
2 0.396875 0.753472 0.026562 0.045833 
1 0.499609 0.780556 0.025781 0.045833 
1 0.592187 0.720139 0.026562 0.045833 
0 0.700781 0.722222 0.046094 0.116667 
