0 0.402734 0.775694 0.039844 0.118056 
2 0.504297 0.695833 0.025781 0.045833 
0 0.710547 0.720833 0.048438 0.119444 
0 0.604688 0.737500 0.041406 0.116667 
0 0.503516 0.756250 0.041406 0.116667 
1 0.608984 0.765278 0.025781 0.047222 
0 0.814453 0.702083 0.051562 0.115278 
1 0.602734 0.677778 0.028125 0.047222 
2 0.405078 0.759028 0.028906 0.047222 
1 0.499219 0.738889 0.026562 0.045833 
2 0.715625 0.747222 0.028906 0.047222 
1 0.508203 0.784028 0.025781 0.044444 
2 0.818750 0.727778 0.028906 0.047222 
1 0.601172 0.720139 0.027344 0.045833 
1 0.400781 0.804167 0.026562 0.045833 
