0 0.508984 0.759028 0.040625 0.115278 
0 0.407031 0.777778 0.040625 0.116667 
2 0.509375 0.698611 0.026562 0.047222 
2 0.825781 0.729167 0.029687 0.048611 
0 0.718359 0.722917 0.049219 0.119444 
1 0.614844 0.768056 0.027344 0.047222 
0 0.610156 0.740972 0.040625 0.115278 
1 0.608203 0.680556 0.028906 0.048611 
0 0.822266 0.702778 0.052344 0.115278 
1 0.514453 0.786806 0.025000 0.044444 
2 0.721875 0.749306 0.030469 0.048611 
2 0.410156 0.761806 0.026562 0.045833 
1 0.405859 0.807639 0.026562 0.045833 
1 0.504297 0.743056 0.026562 0.045833 
1 0.606250 0.723611 0.026562 0.045833 
