0 0.507812 0.759028 0.040625 0.115278 
2 0.824609 0.729167 0.028906 0.047222 
2 0.508984 0.698611 0.026562 0.047222 
0 0.406250 0.777778 0.040625 0.116667 
0 0.716797 0.722917 0.048438 0.118056 
0 0.609375 0.740972 0.041406 0.115278 
1 0.613672 0.767361 0.027344 0.047222 
1 0.607422 0.680556 0.028906 0.047222 
1 0.404687 0.806944 0.025781 0.045833 
2 0.721094 0.749306 0.029687 0.048611 
0 0.820703 0.702083 0.051562 0.116667 
2 0.409375 0.761111 0.026562 0.044444 
1 0.503125 0.743056 0.026562 0.045833 
1 0.512891 0.786806 0.025781 0.045833 
1 0.605469 0.722917 0.027344 0.045833 
