0 0.694922 0.728472 0.046875 0.116667 
0 0.387109 0.774306 0.039844 0.116667 
2 0.490625 0.697917 0.025781 0.047222 
0 0.489063 0.757639 0.039844 0.115278 
1 0.593750 0.770139 0.025781 0.045833 
0 0.589844 0.743056 0.039844 0.113889 
1 0.588672 0.684028 0.027344 0.045833 
2 0.699609 0.754861 0.028125 0.047222 
0 0.796484 0.712500 0.047656 0.113889 
1 0.493359 0.786111 0.025000 0.044444 
1 0.485547 0.741667 0.027344 0.045833 
2 0.390234 0.757639 0.027344 0.045833 
2 0.800000 0.738889 0.028125 0.044444 
1 0.385156 0.804861 0.027344 0.045833 
