0 0.373437 0.776389 0.039844 0.113889 
0 0.680469 0.735417 0.044531 0.115278 
0 0.576953 0.748611 0.039062 0.115278 
2 0.477734 0.700694 0.026562 0.047222 
1 0.580469 0.774306 0.026562 0.045833 
0 0.779687 0.720833 0.045312 0.112500 
1 0.575781 0.686111 0.027344 0.045833 
0 0.475000 0.761111 0.038281 0.116667 
1 0.479687 0.788889 0.025000 0.045833 
2 0.784375 0.747222 0.027344 0.044444 
2 0.684375 0.761806 0.028125 0.047222 
2 0.377344 0.760417 0.027344 0.045833 
1 0.371094 0.805556 0.026562 0.044444 
1 0.471875 0.743750 0.027344 0.045833 
1 0.573438 0.729167 0.026562 0.045833 
