0 0.360547 0.772917 0.039844 0.118056 
0 0.667969 0.740972 0.042188 0.115278 
0 0.464062 0.761111 0.037500 0.113889 
2 0.466016 0.701389 0.026562 0.045833 
0 0.767188 0.728472 0.044531 0.111111 
0 0.564844 0.750000 0.038281 0.113889 
2 0.770312 0.754861 0.028125 0.045833 
1 0.568359 0.777083 0.026562 0.045833 
1 0.564453 0.691667 0.026562 0.047222 
1 0.358594 0.803472 0.027344 0.047222 
1 0.467578 0.789583 0.025000 0.044444 
2 0.670703 0.767361 0.027344 0.045833 
2 0.363672 0.756250 0.027344 0.047222 
1 0.460938 0.744444 0.026562 0.045833 
1 0.562109 0.730556 0.025781 0.045833 
