0 0.388672 0.737500 0.038281 0.113889 
0 0.803125 0.756944 0.041406 0.115278 
2 0.494141 0.681944 0.025781 0.047222 
0 0.489453 0.741667 0.035937 0.115278 
0 0.592187 0.746528 0.036719 0.116667 
0 0.698828 0.753472 0.039844 0.116667 
2 0.392578 0.722222 0.026562 0.045833 
1 0.593359 0.774306 0.025781 0.045833 
1 0.491797 0.768750 0.025000 0.044444 
1 0.594141 0.686111 0.026562 0.048611 
2 0.806641 0.784722 0.028906 0.047222 
2 0.701172 0.780556 0.028125 0.047222 
1 0.384766 0.764583 0.025000 0.043056 
1 0.588672 0.728472 0.025781 0.044444 
1 0.486719 0.724306 0.025000 0.045833 
