0 0.507422 0.731944 0.035937 0.112500 
0 0.610938 0.730556 0.035937 0.116667 
0 0.406250 0.733333 0.037500 0.112500 
0 0.718750 0.731944 0.042188 0.118056 
0 0.826562 0.729861 0.044531 0.116667 
2 0.510938 0.672222 0.025000 0.045833 
1 0.503516 0.714583 0.025781 0.045833 
1 0.612891 0.759028 0.026562 0.047222 
2 0.830078 0.757639 0.028906 0.048611 
1 0.610156 0.670139 0.026562 0.048611 
2 0.410547 0.717361 0.025781 0.045833 
1 0.403516 0.760417 0.025000 0.044444 
1 0.510156 0.759722 0.025000 0.045833 
2 0.721875 0.759028 0.028906 0.048611 
1 0.607422 0.713194 0.026562 0.047222 
