2 0.547266 0.672222 0.025781 0.045833 
0 0.445703 0.745833 0.037500 0.111111 
0 0.544922 0.734028 0.039062 0.115278 
0 0.764844 0.711111 0.049219 0.120833 
0 0.878516 0.696528 0.053125 0.120833 
1 0.654297 0.750000 0.027344 0.047222 
1 0.649219 0.660417 0.028906 0.050000 
2 0.882812 0.725694 0.031250 0.048611 
1 0.550000 0.761111 0.025781 0.045833 
2 0.769141 0.738889 0.030469 0.050000 
1 0.443750 0.772917 0.025000 0.043056 
1 0.541797 0.716667 0.026562 0.045833 
2 0.447656 0.729861 0.027344 0.047222 
0 0.650000 0.720833 0.041406 0.122222 
1 0.646875 0.704167 0.028125 0.047222 
