0 0.442969 0.761111 0.038281 0.113889 
2 0.545703 0.690972 0.025781 0.045833 
0 0.764062 0.736111 0.048438 0.123611 
0 0.648438 0.745139 0.039844 0.118056 
1 0.652734 0.772222 0.027344 0.048611 
0 0.543750 0.752083 0.038281 0.116667 
2 0.446484 0.746528 0.026562 0.044444 
0 0.877734 0.725000 0.052344 0.122222 
1 0.440625 0.789583 0.025000 0.044444 
2 0.882812 0.754167 0.032031 0.051389 
1 0.648047 0.681944 0.028125 0.050000 
2 0.768359 0.765278 0.030469 0.050000 
1 0.539453 0.734722 0.025781 0.045833 
1 0.548047 0.779861 0.025781 0.045833 
1 0.645312 0.726389 0.027344 0.047222 
