0 0.536328 0.767361 0.037500 0.116667 
0 0.435547 0.772917 0.037500 0.113889 
0 0.755859 0.759722 0.046094 0.122222 
2 0.539062 0.707639 0.025000 0.047222 
0 0.641797 0.763194 0.039062 0.119444 
0 0.869922 0.754167 0.052344 0.122222 
1 0.641797 0.700000 0.028906 0.050000 
1 0.540234 0.795833 0.025000 0.045833 
1 0.645312 0.792361 0.027344 0.047222 
1 0.433594 0.800694 0.025781 0.044444 
2 0.874609 0.783333 0.031250 0.050000 
2 0.759766 0.788194 0.030469 0.050000 
1 0.532813 0.750694 0.025781 0.047222 
2 0.439063 0.756944 0.026562 0.045833 
1 0.638281 0.745833 0.028125 0.048611 
