0 0.743359 0.761111 0.043750 0.120833 
0 0.856250 0.758333 0.050000 0.120833 
0 0.425781 0.762500 0.037500 0.112500 
0 0.631250 0.760417 0.038281 0.118056 
2 0.529687 0.701389 0.026562 0.047222 
0 0.526953 0.761111 0.037500 0.115278 
1 0.633594 0.788889 0.026562 0.047222 
1 0.631641 0.697917 0.027344 0.048611 
2 0.747266 0.789583 0.029687 0.050000 
1 0.529687 0.788194 0.025000 0.044444 
2 0.429688 0.747917 0.027344 0.044444 
2 0.859766 0.787500 0.032031 0.050000 
1 0.523047 0.742361 0.026562 0.045833 
1 0.423047 0.790278 0.025781 0.043056 
1 0.627344 0.741667 0.027344 0.047222 
