0 0.510938 0.781250 0.036719 0.115278 
0 0.409375 0.779861 0.038281 0.113889 
0 0.615234 0.781250 0.037500 0.116667 
0 0.726172 0.786806 0.043750 0.122222 
0 0.837109 0.788194 0.046875 0.120833 
1 0.616016 0.719444 0.027344 0.048611 
2 0.514453 0.720139 0.026562 0.047222 
1 0.617578 0.811111 0.027344 0.047222 
2 0.840234 0.815972 0.028906 0.048611 
1 0.514062 0.809028 0.025000 0.045833 
2 0.413281 0.763889 0.026562 0.047222 
2 0.730078 0.814583 0.029687 0.048611 
1 0.507031 0.763889 0.026562 0.045833 
1 0.406250 0.808333 0.025000 0.043056 
1 0.612109 0.763194 0.027344 0.047222 
