0 0.369922 0.783333 0.039844 0.115278 
0 0.680469 0.781250 0.042188 0.118056 
0 0.574219 0.779861 0.036719 0.115278 
0 0.472656 0.781944 0.037500 0.116667 
0 0.784766 0.779167 0.042188 0.113889 
2 0.476172 0.720139 0.025781 0.047222 
1 0.575781 0.718750 0.026562 0.047222 
1 0.577344 0.808333 0.025781 0.047222 
2 0.683984 0.807639 0.028125 0.048611 
1 0.366016 0.811806 0.025781 0.045833 
1 0.571094 0.760417 0.026562 0.047222 
2 0.787891 0.806250 0.027344 0.047222 
1 0.468359 0.764583 0.025781 0.044444 
1 0.475000 0.809028 0.025781 0.045833 
2 0.373828 0.767361 0.028125 0.048611 
