0 0.458984 0.768056 0.035937 0.115278 
0 0.560156 0.768056 0.035937 0.116667 
0 0.355469 0.770139 0.039062 0.113889 
0 0.665234 0.769444 0.039844 0.115278 
2 0.462500 0.708333 0.025781 0.048611 
0 0.766016 0.767361 0.042188 0.113889 
1 0.562500 0.795139 0.025781 0.047222 
2 0.769531 0.794444 0.027344 0.045833 
1 0.353125 0.797917 0.026562 0.044444 
1 0.561328 0.706250 0.025781 0.045833 
1 0.461328 0.795833 0.025000 0.045833 
2 0.358984 0.752778 0.028125 0.047222 
1 0.454688 0.751389 0.025000 0.044444 
2 0.667969 0.795833 0.027344 0.045833 
1 0.557422 0.750000 0.025781 0.045833 
