0 0.367969 0.761111 0.039844 0.113889 
0 0.676953 0.756944 0.040625 0.116667 
2 0.473438 0.699306 0.026562 0.048611 
0 0.571094 0.756944 0.037500 0.115278 
0 0.779687 0.754861 0.043750 0.113889 
0 0.469922 0.758333 0.037500 0.113889 
1 0.573438 0.785417 0.026562 0.045833 
1 0.472656 0.786111 0.025000 0.045833 
1 0.364453 0.789583 0.025781 0.044444 
2 0.783203 0.782639 0.027344 0.045833 
2 0.679688 0.784722 0.027344 0.047222 
2 0.371875 0.746528 0.028125 0.045833 
1 0.571094 0.697917 0.026562 0.047222 
1 0.465234 0.742361 0.025781 0.044444 
1 0.566797 0.740278 0.025781 0.045833 
