0 0.465625 0.765278 0.037500 0.115278 
0 0.362891 0.765278 0.040625 0.113889 
0 0.566016 0.764583 0.038281 0.115278 
2 0.470313 0.704861 0.028125 0.048611 
0 0.672266 0.765972 0.043750 0.116667 
1 0.567578 0.703472 0.027344 0.047222 
1 0.358594 0.793056 0.026562 0.044444 
2 0.368359 0.750694 0.027344 0.045833 
1 0.567969 0.793056 0.025781 0.045833 
1 0.466797 0.792361 0.025000 0.044444 
0 0.775781 0.766667 0.041406 0.113889 
2 0.675000 0.793056 0.028125 0.047222 
2 0.778906 0.793750 0.025781 0.043056 
1 0.563281 0.747222 0.026562 0.045833 
