0 0.428906 0.728472 0.035937 0.112500 
0 0.528516 0.727778 0.035156 0.112500 
0 0.726172 0.730556 0.037500 0.108333 
0 0.629687 0.730556 0.039062 0.112500 
0 0.325000 0.727778 0.039062 0.113889 
2 0.433203 0.668750 0.026562 0.047222 
1 0.530078 0.668056 0.025781 0.045833 
1 0.530078 0.755556 0.025000 0.044444 
1 0.322266 0.756250 0.025781 0.044444 
2 0.728516 0.756250 0.024219 0.043056 
1 0.425391 0.711111 0.025000 0.043056 
2 0.632812 0.756250 0.026562 0.045833 
1 0.432031 0.755556 0.024219 0.044444 
1 0.526172 0.709722 0.025000 0.043056 
1 0.528125 0.675000 0.026562 0.054167 
