2 0.421094 0.668056 0.025781 0.047222 
0 0.616016 0.736806 0.036719 0.112500 
0 0.515625 0.730556 0.034375 0.112500 
0 0.311328 0.725694 0.040625 0.115278 
0 0.711328 0.738889 0.036719 0.106944 
0 0.415625 0.727778 0.035156 0.112500 
1 0.516797 0.759028 0.025000 0.045833 
1 0.517969 0.670833 0.025000 0.045833 
1 0.307812 0.754167 0.027344 0.045833 
2 0.617969 0.762500 0.025781 0.045833 
2 0.314453 0.708333 0.028906 0.048611 
1 0.417578 0.755556 0.024219 0.044444 
1 0.412109 0.711111 0.025000 0.045833 
1 0.513281 0.713194 0.025000 0.044444 
2 0.712891 0.764583 0.025000 0.043056 
