0 0.299219 0.750694 0.041406 0.118056 
0 0.606250 0.747222 0.036719 0.111111 
2 0.409375 0.688889 0.026562 0.048611 
0 0.700781 0.745139 0.037500 0.108333 
0 0.405078 0.749306 0.035937 0.115278 
1 0.507812 0.775000 0.025000 0.045833 
0 0.505469 0.748611 0.035156 0.113889 
1 0.407813 0.776389 0.025000 0.045833 
1 0.296094 0.781250 0.027344 0.045833 
2 0.703516 0.771528 0.024219 0.043056 
2 0.303125 0.734722 0.029687 0.051389 
2 0.608984 0.773611 0.025781 0.045833 
1 0.400781 0.732639 0.025000 0.044444 
1 0.507812 0.686111 0.025781 0.044444 
1 0.503516 0.729167 0.024219 0.043056 
