0 0.278906 0.724306 0.038281 0.116667 
0 0.386328 0.717361 0.034375 0.109722 
0 0.586719 0.705556 0.037500 0.111111 
0 0.487500 0.710417 0.035156 0.111111 
0 0.678516 0.699306 0.036719 0.105556 
2 0.391016 0.658333 0.025000 0.048611 
1 0.276562 0.754167 0.026562 0.044444 
1 0.489453 0.738194 0.023438 0.041667 
2 0.283203 0.709028 0.026562 0.045833 
2 0.589063 0.731944 0.025000 0.044444 
1 0.388672 0.744444 0.023438 0.043056 
1 0.488281 0.651389 0.025000 0.045833 
2 0.681250 0.724306 0.023438 0.041667 
1 0.382812 0.701389 0.024219 0.043056 
