0 0.301953 0.709722 0.039844 0.113889 
0 0.607422 0.700000 0.038281 0.112500 
0 0.702734 0.694444 0.038281 0.108333 
2 0.410547 0.646528 0.025781 0.045833 
0 0.406641 0.705556 0.035937 0.112500 
0 0.506250 0.702083 0.035156 0.111111 
1 0.409766 0.731250 0.025000 0.044444 
1 0.507422 0.640972 0.026562 0.045833 
1 0.508984 0.727778 0.025000 0.044444 
1 0.401953 0.688194 0.025000 0.043056 
2 0.610156 0.725000 0.026562 0.044444 
1 0.298828 0.738194 0.027344 0.047222 
2 0.705078 0.720139 0.024219 0.043056 
2 0.305469 0.693750 0.028125 0.047222 
1 0.504297 0.681250 0.025781 0.043056 
