0 0.337109 0.713194 0.040625 0.112500 
0 0.644531 0.713889 0.042188 0.115278 
2 0.342187 0.697917 0.027344 0.047222 
0 0.440234 0.713194 0.037500 0.111111 
0 0.540625 0.713889 0.037500 0.111111 
2 0.443750 0.654861 0.026562 0.045833 
1 0.540625 0.650694 0.027344 0.050000 
0 0.746094 0.715278 0.040625 0.112500 
2 0.646484 0.741667 0.028125 0.047222 
1 0.442578 0.740278 0.024219 0.043056 
1 0.543359 0.740972 0.025000 0.044444 
1 0.334375 0.741667 0.026562 0.043056 
1 0.536719 0.694444 0.025000 0.044444 
1 0.436719 0.696528 0.025000 0.043056 
2 0.750000 0.741667 0.025781 0.044444 
