2 0.475391 0.661806 0.026562 0.047222 
0 0.682031 0.721528 0.040625 0.118056 
0 0.370703 0.720833 0.037500 0.109722 
0 0.790234 0.720833 0.042969 0.118056 
0 0.471484 0.720139 0.035937 0.111111 
1 0.575781 0.747917 0.026562 0.047222 
1 0.574219 0.658333 0.026562 0.048611 
1 0.473828 0.747222 0.025781 0.047222 
2 0.792578 0.748611 0.028125 0.047222 
0 0.573438 0.719444 0.035937 0.116667 
2 0.684766 0.749306 0.028906 0.048611 
1 0.367969 0.747917 0.027344 0.044444 
1 0.467578 0.704861 0.025000 0.044444 
1 0.570703 0.702083 0.025781 0.047222 
2 0.375391 0.705556 0.026562 0.045833 
