0 0.377734 0.745139 0.036719 0.113889 
2 0.482031 0.684028 0.025781 0.047222 
0 0.691016 0.743056 0.042969 0.122222 
0 0.801562 0.741667 0.046094 0.122222 
0 0.478516 0.745139 0.035156 0.112500 
0 0.580859 0.743750 0.035937 0.116667 
1 0.583594 0.770833 0.025781 0.045833 
1 0.582422 0.679167 0.026562 0.048611 
1 0.481641 0.771528 0.024219 0.044444 
1 0.375781 0.772222 0.025781 0.044444 
2 0.382031 0.729861 0.025781 0.045833 
2 0.805078 0.770139 0.028125 0.048611 
2 0.694531 0.771528 0.028125 0.048611 
1 0.578125 0.723611 0.026562 0.045833 
1 0.476172 0.729167 0.025781 0.043056 
