0 0.668750 0.759028 0.039844 0.119444 
0 0.357031 0.743056 0.037500 0.113889 
0 0.560156 0.752083 0.036719 0.116667 
2 0.462500 0.688889 0.025781 0.045833 
1 0.561719 0.690972 0.025781 0.048611 
1 0.561719 0.779861 0.025781 0.045833 
0 0.776953 0.763889 0.041406 0.118056 
0 0.457813 0.747222 0.035156 0.112500 
2 0.671094 0.787500 0.027344 0.048611 
1 0.459766 0.774306 0.024219 0.044444 
1 0.353906 0.770833 0.027344 0.044444 
2 0.780469 0.792361 0.027344 0.047222 
2 0.360547 0.729167 0.027344 0.047222 
1 0.454688 0.729861 0.023438 0.040278 
