0 0.359766 0.715278 0.035937 0.109722 
0 0.561328 0.720833 0.035937 0.112500 
0 0.459766 0.718750 0.033594 0.109722 
0 0.779687 0.728472 0.042188 0.115278 
0 0.669922 0.725694 0.039062 0.118056 
2 0.463672 0.661806 0.025000 0.047222 
1 0.563281 0.749306 0.025000 0.044444 
1 0.562500 0.661111 0.025781 0.045833 
2 0.783594 0.756944 0.028125 0.047222 
2 0.672656 0.754167 0.026562 0.047222 
1 0.356250 0.744444 0.025781 0.041667 
1 0.461719 0.746528 0.023438 0.041667 
1 0.456250 0.703472 0.024219 0.043056 
2 0.364453 0.701389 0.025781 0.044444 
1 0.558203 0.703472 0.025781 0.044444 
