0 0.558203 0.681944 0.036719 0.113889 
0 0.456641 0.678472 0.034375 0.111111 
0 0.666797 0.688889 0.039844 0.120833 
0 0.776563 0.694444 0.041406 0.116667 
0 0.356641 0.674306 0.037500 0.109722 
2 0.460938 0.619444 0.025781 0.045833 
1 0.559375 0.709722 0.025781 0.045833 
1 0.453125 0.660417 0.025000 0.043056 
1 0.458203 0.705556 0.023438 0.043056 
2 0.778906 0.720833 0.028125 0.048611 
1 0.353906 0.702083 0.025781 0.043056 
1 0.559766 0.620833 0.026562 0.047222 
2 0.669141 0.716667 0.026562 0.047222 
2 0.360547 0.660417 0.027344 0.045833 
