0 0.390234 0.687500 0.037500 0.109722 
0 0.592187 0.686111 0.039062 0.118056 
0 0.706641 0.686806 0.044531 0.123611 
0 0.489453 0.688194 0.035937 0.109722 
2 0.492578 0.628472 0.026562 0.045833 
1 0.592187 0.624306 0.028125 0.047222 
0 0.824219 0.686806 0.046875 0.123611 
1 0.594531 0.715278 0.025781 0.045833 
2 0.709766 0.715972 0.029687 0.050000 
2 0.827734 0.715972 0.029687 0.050000 
1 0.491797 0.714583 0.024219 0.043056 
1 0.486328 0.670833 0.025781 0.044444 
1 0.387500 0.715278 0.025781 0.044444 
1 0.704688 0.601389 0.031250 0.056944 
2 0.394141 0.671528 0.026562 0.044444 
1 0.589453 0.668750 0.027344 0.045833 
