0 0.403516 0.711806 0.037500 0.111111 
2 0.505469 0.650000 0.025781 0.045833 
0 0.606641 0.708333 0.040625 0.119444 
0 0.502344 0.711111 0.036719 0.112500 
1 0.606641 0.645139 0.028125 0.051389 
0 0.845313 0.706250 0.053125 0.130556 
0 0.724609 0.709722 0.046875 0.125000 
1 0.610156 0.737500 0.027344 0.047222 
1 0.505078 0.738194 0.025000 0.043056 
1 0.723437 0.645833 0.032813 0.056944 
2 0.850781 0.737500 0.032031 0.052778 
2 0.728516 0.738889 0.030469 0.050000 
1 0.401172 0.738889 0.025000 0.043056 
1 0.498828 0.693750 0.025781 0.045833 
2 0.407031 0.695833 0.026562 0.045833 
