0 0.721484 0.775000 0.046875 0.123611 
0 0.602734 0.768750 0.040625 0.120833 
2 0.501172 0.706250 0.025781 0.044444 
0 0.844922 0.777778 0.054688 0.133333 
0 0.398438 0.762500 0.038281 0.111111 
0 0.497656 0.765972 0.036719 0.112500 
1 0.605469 0.797917 0.028125 0.048611 
1 0.604297 0.706250 0.028906 0.050000 
2 0.725000 0.804167 0.031250 0.051389 
1 0.498828 0.793056 0.025781 0.045833 
2 0.402734 0.746528 0.026562 0.044444 
1 0.717187 0.725000 0.034375 0.056944 
1 0.395313 0.789583 0.025781 0.043056 
2 0.850000 0.809028 0.033594 0.055556 
1 0.600000 0.751389 0.028125 0.048611 
1 0.493359 0.747917 0.025781 0.044444 
