0 0.673828 0.758333 0.043750 0.123611 
0 0.358594 0.754861 0.039062 0.111111 
0 0.787891 0.761111 0.046875 0.123611 
2 0.463281 0.695833 0.025781 0.045833 
0 0.561328 0.756250 0.039844 0.118056 
0 0.458594 0.755556 0.036719 0.112500 
2 0.363281 0.739583 0.026562 0.045833 
2 0.792578 0.789583 0.028906 0.048611 
1 0.459766 0.781944 0.025000 0.044444 
1 0.355078 0.781944 0.025781 0.043056 
2 0.677344 0.788194 0.029687 0.047222 
1 0.564063 0.784722 0.026562 0.045833 
1 0.564063 0.693056 0.026562 0.047222 
1 0.673438 0.737500 0.031250 0.050000 
1 0.454297 0.737500 0.024219 0.043056 
1 0.558984 0.736806 0.028125 0.047222 
