0 0.645703 0.765972 0.041406 0.122222 
0 0.756250 0.768750 0.045312 0.118056 
0 0.333203 0.761111 0.037500 0.111111 
0 0.536328 0.763889 0.037500 0.116667 
0 0.434375 0.763194 0.035156 0.111111 
2 0.437891 0.702083 0.025781 0.045833 
1 0.538281 0.791667 0.027344 0.047222 
2 0.760547 0.796528 0.028906 0.048611 
2 0.646875 0.795833 0.028906 0.048611 
1 0.330078 0.789583 0.026562 0.044444 
1 0.435547 0.790278 0.025781 0.044444 
1 0.430469 0.745139 0.025781 0.045833 
1 0.537891 0.701389 0.027344 0.045833 
1 0.646094 0.744444 0.032031 0.052778 
1 0.533594 0.745139 0.028906 0.050000 
2 0.337891 0.745833 0.026562 0.045833 
