0 0.630078 0.760417 0.039062 0.119444 
0 0.319922 0.748611 0.039062 0.112500 
2 0.425000 0.692361 0.025781 0.047222 
0 0.522656 0.754861 0.036719 0.116667 
0 0.739844 0.765278 0.042188 0.120833 
2 0.742969 0.793750 0.028125 0.048611 
0 0.421094 0.751389 0.035937 0.113889 
1 0.421094 0.779167 0.025000 0.045833 
1 0.523828 0.782639 0.026562 0.047222 
2 0.629687 0.788889 0.029687 0.048611 
1 0.315625 0.775694 0.027344 0.044444 
2 0.323828 0.733333 0.028125 0.048611 
1 0.523828 0.693056 0.027344 0.045833 
1 0.630859 0.738194 0.028906 0.048611 
1 0.417578 0.734028 0.025000 0.043056 
1 0.520312 0.734028 0.027344 0.047222 
