0 0.605469 0.740972 0.039062 0.119444 
0 0.298047 0.747917 0.039062 0.113889 
2 0.403906 0.686806 0.026562 0.047222 
0 0.712500 0.739583 0.041406 0.116667 
0 0.500781 0.743056 0.037500 0.116667 
0 0.399609 0.745833 0.035937 0.113889 
1 0.502344 0.770139 0.026562 0.045833 
2 0.302344 0.731250 0.027344 0.048611 
1 0.502734 0.682639 0.028125 0.045833 
1 0.400391 0.772222 0.025000 0.045833 
2 0.605078 0.769444 0.027344 0.048611 
2 0.715625 0.766667 0.027344 0.045833 
1 0.293359 0.775694 0.026562 0.045833 
1 0.396094 0.728472 0.025781 0.045833 
1 0.606250 0.718056 0.028906 0.050000 
