0 0.590625 0.733333 0.038281 0.119444 
0 0.695312 0.729167 0.042188 0.115278 
0 0.280859 0.747917 0.039062 0.116667 
0 0.485547 0.738889 0.035156 0.111111 
2 0.387500 0.683333 0.025781 0.045833 
0 0.383594 0.744444 0.035937 0.112500 
1 0.277734 0.776389 0.027344 0.047222 
1 0.385547 0.770139 0.025781 0.045833 
2 0.699609 0.756944 0.027344 0.047222 
2 0.590234 0.762500 0.026562 0.047222 
1 0.380469 0.727083 0.026562 0.045833 
1 0.487891 0.764583 0.025781 0.045833 
2 0.285938 0.731944 0.028125 0.047222 
1 0.591016 0.709722 0.028125 0.048611 
1 0.486328 0.677083 0.025000 0.045833 
1 0.482031 0.722222 0.025781 0.045833 
