0 0.704297 0.738194 0.041406 0.116667 
0 0.596094 0.741667 0.038281 0.118056 
2 0.392188 0.689583 0.025000 0.045833 
0 0.285938 0.753472 0.039844 0.113889 
1 0.389844 0.775694 0.025000 0.044444 
1 0.491797 0.772917 0.025781 0.045833 
0 0.489844 0.746528 0.036719 0.113889 
0 0.387891 0.749306 0.035156 0.112500 
1 0.491406 0.686111 0.026562 0.044444 
2 0.707812 0.765278 0.027344 0.047222 
2 0.594922 0.769444 0.027344 0.047222 
2 0.291797 0.737500 0.028125 0.047222 
1 0.282422 0.781250 0.026562 0.044444 
1 0.598047 0.720833 0.028125 0.048611 
1 0.383594 0.731250 0.024219 0.043056 
