0 0.286719 0.766667 0.039844 0.115278 
0 0.597656 0.755556 0.040625 0.123611 
0 0.490625 0.760417 0.038281 0.113889 
0 0.705469 0.752778 0.043750 0.118056 
0 0.388672 0.761806 0.036719 0.113889 
2 0.391797 0.702083 0.026562 0.045833 
2 0.292187 0.752083 0.027344 0.047222 
1 0.390234 0.790972 0.025781 0.045833 
1 0.490234 0.695833 0.028906 0.050000 
2 0.596875 0.784722 0.028125 0.048611 
1 0.492188 0.787500 0.026562 0.045833 
2 0.709766 0.780556 0.027344 0.047222 
1 0.282422 0.795833 0.027344 0.045833 
1 0.600391 0.732639 0.028125 0.047222 
1 0.385156 0.745139 0.025781 0.044444 
1 0.487500 0.740972 0.026562 0.044444 
