0 0.585547 0.763889 0.039062 0.119444 
2 0.380078 0.718056 0.026562 0.047222 
0 0.272266 0.786111 0.039844 0.116667 
0 0.478906 0.771528 0.038281 0.116667 
0 0.375781 0.779167 0.036719 0.116667 
0 0.693359 0.756944 0.043750 0.118056 
2 0.584766 0.793056 0.028125 0.050000 
1 0.479687 0.707639 0.028125 0.048611 
2 0.697266 0.784722 0.028125 0.047222 
1 0.371875 0.761806 0.025781 0.045833 
1 0.482031 0.800000 0.027344 0.047222 
1 0.377734 0.806944 0.025000 0.045833 
1 0.267969 0.815278 0.027344 0.045833 
2 0.277344 0.769444 0.028125 0.048611 
1 0.587500 0.741667 0.028906 0.047222 
1 0.476562 0.753472 0.027344 0.044444 
