0 0.601172 0.829861 0.039062 0.127778 
0 0.712109 0.825000 0.045312 0.126389 
0 0.285156 0.842361 0.040625 0.120833 
2 0.601172 0.859722 0.027344 0.050000 
2 0.391797 0.775694 0.025781 0.047222 
0 0.387891 0.838889 0.035937 0.118056 
2 0.717187 0.854167 0.028125 0.050000 
1 0.389453 0.866667 0.025000 0.045833 
0 0.491016 0.834028 0.038281 0.122222 
1 0.492969 0.863889 0.028125 0.050000 
1 0.492969 0.766667 0.025781 0.045833 
1 0.281250 0.872917 0.026562 0.044444 
1 0.604297 0.805556 0.026562 0.048611 
2 0.290234 0.825000 0.028125 0.045833 
1 0.383984 0.820139 0.024219 0.044444 
