0 0.579297 0.834028 0.039844 0.126389 
2 0.578906 0.862500 0.028125 0.051389 
0 0.689063 0.826389 0.045312 0.122222 
2 0.370703 0.785417 0.027344 0.050000 
0 0.262500 0.853472 0.042969 0.120833 
0 0.366797 0.848611 0.037500 0.118056 
0 0.470313 0.839583 0.038281 0.120833 
2 0.693750 0.854861 0.028906 0.048611 
1 0.368750 0.876389 0.026562 0.048611 
1 0.470703 0.775000 0.026562 0.048611 
1 0.473047 0.868750 0.028906 0.050000 
1 0.362109 0.829861 0.026562 0.047222 
1 0.258203 0.885417 0.028906 0.050000 
1 0.582422 0.810417 0.028125 0.051389 
2 0.267969 0.838194 0.030469 0.051389 
