0 0.579688 0.793056 0.040625 0.123611 
0 0.268750 0.814583 0.039844 0.116667 
0 0.688672 0.784722 0.044531 0.119444 
2 0.373437 0.747222 0.026562 0.048611 
2 0.579688 0.821528 0.027344 0.050000 
0 0.369922 0.808333 0.035937 0.113889 
0 0.472656 0.799306 0.036719 0.115278 
2 0.273438 0.798611 0.028125 0.047222 
1 0.371875 0.835417 0.025781 0.044444 
1 0.263672 0.843750 0.027344 0.045833 
2 0.692578 0.813194 0.028125 0.047222 
1 0.475781 0.827778 0.026562 0.047222 
1 0.365234 0.793056 0.025781 0.045833 
1 0.473828 0.734722 0.026562 0.045833 
1 0.582031 0.770139 0.028125 0.050000 
