0 0.601953 0.799306 0.042188 0.130556 
0 0.292969 0.820139 0.038281 0.113889 
0 0.492969 0.807639 0.039062 0.116667 
0 0.391406 0.813889 0.036719 0.115278 
0 0.716016 0.791667 0.049219 0.123611 
1 0.492969 0.740972 0.027344 0.045833 
2 0.601953 0.829861 0.028906 0.051389 
1 0.288281 0.849306 0.026562 0.045833 
1 0.496094 0.834722 0.028125 0.048611 
2 0.297266 0.804167 0.027344 0.048611 
2 0.720703 0.820833 0.030469 0.050000 
1 0.394141 0.842361 0.025781 0.045833 
2 0.394531 0.752083 0.025000 0.045833 
1 0.387500 0.797222 0.025000 0.044444 
1 0.604688 0.777083 0.028125 0.048611 
1 0.489453 0.786806 0.027344 0.047222 
