0 0.295703 0.847222 0.039844 0.118056 
0 0.605859 0.815278 0.042188 0.127778 
1 0.494922 0.759722 0.027344 0.048611 
0 0.721094 0.804861 0.051562 0.126389 
0 0.496094 0.826389 0.039844 0.122222 
2 0.300391 0.829167 0.028125 0.048611 
0 0.394141 0.836806 0.038281 0.116667 
2 0.606250 0.845833 0.028906 0.051389 
2 0.725781 0.835417 0.031250 0.050000 
1 0.396484 0.864583 0.026562 0.045833 
2 0.396875 0.773611 0.027344 0.048611 
1 0.291406 0.875694 0.027344 0.045833 
1 0.499219 0.854167 0.027344 0.048611 
1 0.389844 0.820139 0.026562 0.045833 
1 0.492188 0.806250 0.026562 0.047222 
1 0.607812 0.793056 0.028125 0.047222 
