0 0.571094 0.837500 0.039844 0.125000 
0 0.259375 0.856250 0.039844 0.116667 
0 0.682031 0.831250 0.045312 0.123611 
0 0.359375 0.850000 0.038281 0.118056 
0 0.462109 0.842361 0.039062 0.120833 
1 0.463672 0.777778 0.026562 0.048611 
2 0.363281 0.787500 0.025781 0.050000 
2 0.686719 0.859722 0.028906 0.051389 
2 0.570312 0.867361 0.028906 0.050000 
1 0.465234 0.872222 0.028125 0.048611 
2 0.264453 0.840278 0.028125 0.048611 
1 0.255078 0.886111 0.028125 0.045833 
1 0.360156 0.878472 0.027344 0.047222 
1 0.355469 0.834028 0.027344 0.047222 
1 0.573438 0.814583 0.028125 0.048611 
1 0.459766 0.824306 0.028125 0.048611 
