0 0.227734 0.863194 0.041406 0.119444 
0 0.544141 0.842361 0.039844 0.126389 
0 0.653516 0.835417 0.043750 0.120833 
0 0.435937 0.850000 0.039062 0.120833 
0 0.331250 0.854861 0.039062 0.120833 
2 0.543359 0.872222 0.028125 0.050000 
1 0.438281 0.783333 0.028125 0.052778 
2 0.657422 0.863889 0.028906 0.048611 
1 0.223438 0.893056 0.028125 0.047222 
2 0.336719 0.791667 0.027344 0.050000 
1 0.438281 0.877778 0.027344 0.050000 
2 0.232422 0.845833 0.029687 0.050000 
1 0.332422 0.885417 0.028125 0.047222 
1 0.328516 0.839583 0.027344 0.048611 
1 0.546875 0.818750 0.028125 0.051389 
1 0.432031 0.829861 0.026562 0.047222 
