0 0.629297 0.738194 0.040625 0.113889 
0 0.525000 0.744444 0.036719 0.115278 
0 0.319141 0.759028 0.039062 0.112500 
2 0.523828 0.771528 0.026562 0.047222 
2 0.323047 0.698611 0.026562 0.050000 
0 0.420312 0.750000 0.037500 0.112500 
2 0.632812 0.763889 0.025781 0.045833 
1 0.421875 0.777083 0.027344 0.047222 
1 0.421484 0.688889 0.025000 0.047222 
1 0.320703 0.785417 0.026562 0.045833 
0 0.219531 0.775694 0.035937 0.131944 
1 0.528125 0.724306 0.025781 0.045833 
2 0.224219 0.749306 0.026562 0.047222 
1 0.315234 0.743056 0.027344 0.045833 
