0 0.520312 0.738889 0.037500 0.115278 
2 0.317969 0.691667 0.027344 0.047222 
0 0.625391 0.731944 0.040625 0.115278 
1 0.416406 0.684722 0.026562 0.044444 
0 0.314453 0.752083 0.037500 0.112500 
1 0.417578 0.771528 0.027344 0.047222 
0 0.415625 0.745139 0.037500 0.113889 
2 0.519531 0.765972 0.026562 0.047222 
2 0.628906 0.757639 0.027344 0.047222 
1 0.316797 0.779167 0.026562 0.044444 
2 0.223047 0.741667 0.019531 0.045833 
1 0.523438 0.718056 0.025000 0.045833 
1 0.311328 0.736111 0.026562 0.047222 
0 0.220312 0.767361 0.024219 0.127778 
