0 0.534375 0.746528 0.039062 0.119444 
0 0.641406 0.740972 0.044531 0.120833 
2 0.332813 0.697222 0.027344 0.048611 
0 0.329688 0.759028 0.037500 0.112500 
0 0.429297 0.752778 0.038281 0.113889 
2 0.645703 0.768750 0.027344 0.047222 
1 0.431641 0.779861 0.026562 0.047222 
1 0.430859 0.690278 0.026562 0.047222 
2 0.533984 0.774306 0.026562 0.047222 
1 0.331641 0.785417 0.024219 0.043056 
1 0.426172 0.734028 0.025781 0.044444 
1 0.326172 0.741667 0.027344 0.044444 
0 0.239453 0.764583 0.025000 0.102778 
2 0.241406 0.748611 0.018750 0.043056 
