0 0.548828 0.777778 0.039062 0.120833 
0 0.659375 0.776389 0.044531 0.123611 
0 0.344922 0.782639 0.036719 0.112500 
0 0.443750 0.779167 0.037500 0.116667 
2 0.348828 0.720139 0.026562 0.048611 
1 0.445312 0.717361 0.027344 0.045833 
2 0.663672 0.804167 0.028906 0.051389 
1 0.445703 0.807639 0.026562 0.047222 
1 0.345703 0.809722 0.025000 0.044444 
2 0.547656 0.806944 0.026562 0.048611 
1 0.341797 0.766667 0.027344 0.047222 
0 0.258594 0.781250 0.023438 0.100000 
2 0.259766 0.767361 0.017188 0.043056 
1 0.551562 0.756250 0.026562 0.047222 
1 0.439844 0.761111 0.027344 0.048611 
