0 0.669922 0.824306 0.045312 0.129167 
0 0.557031 0.817361 0.039062 0.125000 
1 0.451562 0.842361 0.026562 0.047222 
2 0.357422 0.748611 0.025781 0.045833 
0 0.351562 0.809028 0.037500 0.115278 
0 0.449609 0.812500 0.038281 0.120833 
1 0.351953 0.836806 0.025000 0.044444 
2 0.556250 0.847917 0.025781 0.047222 
1 0.453125 0.750694 0.027344 0.045833 
2 0.264062 0.787500 0.022656 0.045833 
1 0.560156 0.795833 0.027344 0.048611 
2 0.675000 0.855556 0.028906 0.050000 
1 0.348828 0.790972 0.025000 0.043056 
0 0.261328 0.806250 0.025781 0.112500 
1 0.446875 0.793056 0.027344 0.047222 
