0 0.553516 0.836806 0.039062 0.123611 
0 0.666406 0.845833 0.042188 0.126389 
2 0.551562 0.865278 0.028125 0.050000 
1 0.447656 0.854861 0.028125 0.050000 
0 0.446875 0.826389 0.038281 0.119444 
2 0.669922 0.875694 0.028906 0.051389 
0 0.348047 0.821528 0.036719 0.112500 
1 0.450781 0.763889 0.027344 0.045833 
2 0.353906 0.760417 0.024219 0.047222 
0 0.257031 0.815278 0.033594 0.112500 
1 0.444141 0.807639 0.027344 0.047222 
1 0.348047 0.847917 0.026562 0.045833 
1 0.557422 0.813889 0.027344 0.048611 
1 0.345703 0.802778 0.026562 0.045833 
2 0.260547 0.797917 0.025781 0.048611 
1 0.252344 0.838889 0.022656 0.044444 
