0 0.559766 0.888194 0.041406 0.130556 
0 0.674609 0.909722 0.043750 0.133333 
1 0.452344 0.896528 0.028906 0.050000 
2 0.678516 0.941667 0.030469 0.055556 
0 0.452344 0.868056 0.042188 0.122222 
2 0.557813 0.918750 0.028125 0.051389 
0 0.355078 0.850694 0.040625 0.115278 
1 0.563281 0.866667 0.028906 0.051389 
1 0.353516 0.831944 0.026562 0.044444 
1 0.457422 0.803472 0.027344 0.047222 
1 0.353906 0.878472 0.026562 0.045833 
0 0.264062 0.837500 0.037500 0.106944 
1 0.451172 0.847222 0.028125 0.045833 
2 0.269141 0.820139 0.025781 0.044444 
2 0.362500 0.788889 0.026562 0.045833 
1 0.257422 0.860417 0.024219 0.043056 
