0 0.669922 0.905556 0.043750 0.131944 
0 0.555469 0.880556 0.042969 0.130556 
2 0.553125 0.910417 0.028906 0.051389 
1 0.448828 0.887500 0.028125 0.050000 
0 0.263281 0.823611 0.039844 0.109722 
2 0.673047 0.934722 0.029687 0.054167 
0 0.449609 0.859028 0.042188 0.122222 
0 0.353125 0.841667 0.039844 0.113889 
2 0.360547 0.781250 0.026562 0.045833 
1 0.352344 0.868056 0.026562 0.045833 
1 0.558984 0.858333 0.028125 0.050000 
1 0.454297 0.797917 0.028125 0.048611 
1 0.256641 0.849306 0.025000 0.041667 
2 0.267969 0.809028 0.026562 0.047222 
1 0.351172 0.823611 0.025781 0.044444 
