0 0.652344 0.879167 0.045312 0.131944 
0 0.541797 0.859722 0.041406 0.126389 
0 0.340234 0.830556 0.040625 0.115278 
0 0.436719 0.844444 0.042188 0.119444 
2 0.538672 0.890278 0.027344 0.050000 
2 0.347656 0.772222 0.028125 0.045833 
2 0.655469 0.909722 0.028906 0.052778 
1 0.442188 0.783333 0.028125 0.048611 
1 0.339844 0.858333 0.027344 0.044444 
0 0.248828 0.816667 0.039844 0.105556 
1 0.435937 0.872222 0.028125 0.048611 
1 0.242578 0.840278 0.025000 0.043056 
1 0.545312 0.838194 0.027344 0.047222 
1 0.338672 0.813194 0.027344 0.041667 
