0 0.510547 0.840278 0.038281 0.123611 
0 0.617969 0.845833 0.043750 0.125000 
2 0.507812 0.870139 0.026562 0.048611 
2 0.311328 0.775000 0.028125 0.047222 
1 0.405078 0.865278 0.027344 0.048611 
0 0.305469 0.836111 0.039062 0.115278 
2 0.621484 0.875000 0.028125 0.048611 
0 0.405078 0.838889 0.039062 0.118056 
0 0.209375 0.834028 0.039844 0.111111 
1 0.408203 0.776389 0.025781 0.045833 
1 0.306250 0.863889 0.026562 0.044444 
1 0.512891 0.820833 0.027344 0.048611 
1 0.303125 0.818750 0.025000 0.043056 
2 0.215625 0.819444 0.028125 0.047222 
1 0.204297 0.859722 0.025781 0.043056 
