0 0.496094 0.827083 0.037500 0.120833 
0 0.193750 0.837500 0.042969 0.118056 
0 0.602734 0.823611 0.041406 0.122222 
2 0.607031 0.851389 0.028125 0.050000 
2 0.295703 0.774306 0.027344 0.047222 
0 0.291016 0.835417 0.038281 0.115278 
0 0.391406 0.831250 0.038281 0.118056 
2 0.494531 0.855556 0.027344 0.048611 
1 0.391797 0.859028 0.028125 0.048611 
1 0.188672 0.867361 0.027344 0.045833 
1 0.393750 0.767361 0.026562 0.045833 
1 0.292578 0.863194 0.027344 0.045833 
2 0.200000 0.824306 0.028906 0.048611 
1 0.498437 0.804167 0.026562 0.048611 
1 0.287500 0.818750 0.025781 0.045833 
1 0.389453 0.811806 0.028906 0.048611 
