0 0.515234 0.806944 0.038281 0.119444 
0 0.623437 0.804167 0.042188 0.123611 
0 0.411719 0.809028 0.037500 0.113889 
0 0.316016 0.813194 0.036719 0.109722 
2 0.514062 0.834722 0.027344 0.048611 
1 0.413281 0.836111 0.027344 0.047222 
2 0.628125 0.831250 0.027344 0.050000 
0 0.223828 0.815278 0.039062 0.108333 
2 0.319922 0.752778 0.025781 0.045833 
1 0.219531 0.842361 0.027344 0.044444 
1 0.414062 0.746528 0.028125 0.047222 
1 0.317188 0.840278 0.025000 0.044444 
1 0.518359 0.784028 0.027344 0.048611 
1 0.312891 0.795833 0.025781 0.044444 
2 0.228516 0.800000 0.027344 0.047222 
1 0.409375 0.790278 0.026562 0.045833 
