0 0.533203 0.801389 0.038281 0.120833 
0 0.642578 0.802083 0.043750 0.123611 
0 0.246484 0.804861 0.038281 0.106944 
2 0.339453 0.745139 0.025781 0.044444 
0 0.336719 0.804861 0.035937 0.106944 
2 0.646484 0.830556 0.028906 0.050000 
0 0.430469 0.803472 0.038281 0.113889 
2 0.532813 0.830556 0.026562 0.048611 
1 0.431641 0.830556 0.026562 0.045833 
1 0.432031 0.740278 0.027344 0.045833 
1 0.242188 0.831250 0.025781 0.041667 
1 0.535937 0.779861 0.027344 0.047222 
2 0.251953 0.791667 0.026562 0.043056 
1 0.428125 0.783333 0.028125 0.045833 
1 0.332422 0.788194 0.024219 0.041667 
1 0.337891 0.830556 0.025000 0.043056 
