0 0.539844 0.811111 0.037500 0.119444 
0 0.255469 0.804167 0.036719 0.105556 
2 0.654297 0.843056 0.028906 0.050000 
0 0.436719 0.808333 0.037500 0.113889 
2 0.346875 0.747222 0.025000 0.043056 
2 0.538672 0.839583 0.027344 0.048611 
0 0.650391 0.814583 0.042969 0.123611 
0 0.343750 0.806250 0.035937 0.108333 
1 0.437500 0.834722 0.027344 0.047222 
1 0.250391 0.830556 0.024219 0.041667 
1 0.439063 0.746528 0.028125 0.045833 
2 0.259766 0.789583 0.026562 0.043056 
1 0.344141 0.832639 0.024219 0.043056 
1 0.339453 0.789583 0.025000 0.043056 
1 0.542188 0.788889 0.027344 0.047222 
1 0.435156 0.788194 0.027344 0.045833 
