0 0.640234 0.816667 0.042188 0.123611 
0 0.530859 0.809028 0.038281 0.119444 
0 0.246094 0.793056 0.039062 0.108333 
2 0.339453 0.740278 0.026562 0.045833 
2 0.528906 0.836806 0.027344 0.048611 
0 0.427734 0.802778 0.037500 0.112500 
0 0.334375 0.797222 0.038281 0.111111 
2 0.643750 0.844444 0.028906 0.051389 
1 0.334375 0.824306 0.026562 0.044444 
1 0.240234 0.819444 0.025781 0.043056 
1 0.430859 0.740972 0.026562 0.045833 
1 0.428125 0.829167 0.027344 0.047222 
2 0.250781 0.779167 0.027344 0.045833 
1 0.533203 0.786806 0.028125 0.048611 
1 0.426953 0.783333 0.028125 0.045833 
