0 0.225391 0.802083 0.042188 0.109722 
0 0.514844 0.819444 0.038281 0.122222 
0 0.623437 0.827778 0.040625 0.123611 
0 0.411328 0.813194 0.038281 0.113889 
0 0.316797 0.807639 0.038281 0.109722 
2 0.512500 0.848611 0.027344 0.050000 
1 0.411328 0.840278 0.026562 0.047222 
2 0.321875 0.748611 0.026562 0.045833 
1 0.414844 0.752778 0.027344 0.045833 
2 0.626563 0.855556 0.027344 0.050000 
2 0.230859 0.788889 0.028125 0.045833 
1 0.221094 0.828472 0.027344 0.043056 
1 0.316797 0.834722 0.025000 0.044444 
1 0.517969 0.796528 0.026562 0.047222 
1 0.312891 0.790278 0.025781 0.043056 
