0 0.590234 0.830556 0.039844 0.120833 
0 0.483203 0.825000 0.038281 0.122222 
0 0.280078 0.816667 0.038281 0.112500 
0 0.378516 0.820833 0.039062 0.116667 
1 0.382422 0.756250 0.027344 0.048611 
0 0.184766 0.810417 0.042188 0.112500 
2 0.480469 0.854167 0.027344 0.050000 
2 0.593359 0.859028 0.028125 0.050000 
1 0.378125 0.847917 0.028125 0.048611 
1 0.280078 0.843750 0.026562 0.045833 
1 0.179688 0.838889 0.028125 0.045833 
2 0.286328 0.755556 0.025781 0.045833 
1 0.486328 0.802778 0.027344 0.047222 
1 0.277344 0.797917 0.025781 0.044444 
1 0.376953 0.800694 0.027344 0.044444 
2 0.189453 0.796528 0.028125 0.045833 
