0 0.477344 0.821528 0.038281 0.120833 
0 0.584375 0.828472 0.039062 0.120833 
0 0.177734 0.804861 0.043750 0.115278 
1 0.372656 0.843750 0.028125 0.048611 
0 0.372266 0.815972 0.038281 0.115278 
2 0.586719 0.856250 0.026562 0.047222 
1 0.377344 0.752778 0.026562 0.044444 
2 0.280078 0.751389 0.027344 0.047222 
1 0.273047 0.838889 0.028125 0.047222 
2 0.474609 0.850000 0.027344 0.050000 
2 0.182812 0.789583 0.029687 0.047222 
1 0.172266 0.832639 0.028906 0.044444 
1 0.480469 0.800000 0.027344 0.047222 
0 0.273828 0.809722 0.039844 0.115278 
1 0.270313 0.792361 0.027344 0.045833 
1 0.370703 0.795833 0.028906 0.045833 
