0 0.578516 0.822222 0.040625 0.122222 
0 0.171484 0.794444 0.045312 0.113889 
0 0.367188 0.808333 0.039062 0.115278 
0 0.471875 0.815278 0.039062 0.119444 
0 0.268359 0.800694 0.040625 0.115278 
2 0.581250 0.850000 0.027344 0.048611 
2 0.275781 0.740972 0.028125 0.047222 
2 0.469141 0.843056 0.027344 0.048611 
1 0.366797 0.836111 0.028125 0.047222 
1 0.267578 0.829167 0.027344 0.044444 
1 0.371484 0.744444 0.027344 0.047222 
1 0.165234 0.822917 0.028125 0.045833 
1 0.365625 0.786806 0.030469 0.050000 
1 0.475391 0.793750 0.027344 0.047222 
1 0.265234 0.784028 0.026562 0.045833 
2 0.176563 0.779861 0.030469 0.048611 
