0 0.567187 0.815972 0.039062 0.119444 
0 0.157422 0.793750 0.044531 0.116667 
0 0.461719 0.809722 0.038281 0.119444 
2 0.262500 0.738889 0.027344 0.048611 
2 0.458984 0.838194 0.027344 0.050000 
0 0.356250 0.804861 0.039844 0.115278 
0 0.255859 0.800000 0.039844 0.113889 
2 0.570703 0.843750 0.027344 0.050000 
1 0.360547 0.740972 0.026562 0.048611 
1 0.255859 0.827778 0.027344 0.045833 
1 0.356641 0.832639 0.027344 0.047222 
1 0.252734 0.781250 0.027344 0.047222 
1 0.151172 0.822222 0.028125 0.045833 
1 0.464844 0.787500 0.028125 0.048611 
1 0.354687 0.784028 0.028906 0.047222 
2 0.163281 0.779167 0.029687 0.050000 
