0 0.153906 0.800000 0.044531 0.116667 
0 0.566016 0.817361 0.039062 0.119444 
0 0.459766 0.812500 0.038281 0.120833 
2 0.259375 0.743056 0.028125 0.050000 
0 0.354297 0.809028 0.039062 0.118056 
2 0.457422 0.841667 0.028125 0.050000 
0 0.253516 0.805556 0.039062 0.115278 
1 0.353516 0.837500 0.028125 0.048611 
2 0.569141 0.845139 0.027344 0.048611 
1 0.358984 0.744444 0.027344 0.047222 
1 0.253516 0.833333 0.027344 0.047222 
1 0.148828 0.829167 0.028906 0.047222 
1 0.250391 0.786806 0.027344 0.045833 
2 0.159766 0.785417 0.028906 0.047222 
1 0.352734 0.787500 0.029687 0.048611 
1 0.462891 0.790972 0.026562 0.047222 
