0 0.152734 0.801389 0.045312 0.116667 
0 0.565234 0.816667 0.039062 0.119444 
0 0.459375 0.811806 0.038281 0.120833 
0 0.353516 0.809722 0.039062 0.118056 
2 0.258594 0.745139 0.028125 0.047222 
1 0.353125 0.837500 0.028125 0.048611 
2 0.457031 0.841667 0.028125 0.050000 
0 0.252344 0.806944 0.039062 0.113889 
2 0.568359 0.844444 0.027344 0.048611 
1 0.357812 0.745139 0.028125 0.047222 
2 0.158594 0.787500 0.030469 0.048611 
1 0.252734 0.834722 0.027344 0.045833 
1 0.147656 0.831250 0.029687 0.045833 
1 0.351953 0.788889 0.028906 0.048611 
1 0.249219 0.788194 0.027344 0.045833 
