0 0.151172 0.794444 0.044531 0.116667 
2 0.257422 0.737500 0.028125 0.048611 
0 0.457422 0.802083 0.037500 0.120833 
0 0.563281 0.804861 0.039062 0.119444 
1 0.355859 0.736111 0.026562 0.047222 
0 0.251172 0.798611 0.039844 0.115278 
0 0.351953 0.799306 0.039062 0.115278 
2 0.566406 0.832639 0.026562 0.048611 
1 0.251563 0.825694 0.028125 0.045833 
2 0.455078 0.831250 0.027344 0.048611 
1 0.352344 0.827778 0.028125 0.047222 
1 0.146094 0.824306 0.028906 0.045833 
1 0.460547 0.780556 0.026562 0.047222 
1 0.351172 0.779861 0.028906 0.047222 
2 0.155859 0.781250 0.032031 0.051389 
1 0.248438 0.780556 0.027344 0.045833 
