0 0.155859 0.795139 0.042969 0.116667 
2 0.260937 0.736806 0.028125 0.048611 
0 0.566797 0.801389 0.039062 0.119444 
0 0.460547 0.799306 0.037500 0.119444 
1 0.358594 0.734722 0.027344 0.047222 
0 0.355859 0.798611 0.039062 0.115278 
0 0.255078 0.797222 0.039844 0.113889 
2 0.458203 0.828472 0.027344 0.048611 
2 0.569531 0.829861 0.027344 0.048611 
1 0.255469 0.825694 0.028125 0.045833 
1 0.356250 0.826389 0.027344 0.045833 
1 0.150391 0.823611 0.028125 0.047222 
2 0.161328 0.781250 0.028906 0.048611 
1 0.251172 0.779861 0.027344 0.047222 
1 0.463672 0.778472 0.026562 0.048611 
1 0.353516 0.779167 0.027344 0.045833 
