0 0.151562 0.801389 0.044531 0.116667 
2 0.257422 0.740278 0.028125 0.048611 
0 0.458203 0.800000 0.037500 0.119444 
0 0.563672 0.799306 0.039062 0.118056 
1 0.355859 0.736806 0.027344 0.047222 
0 0.351953 0.800694 0.039844 0.115278 
0 0.251953 0.802778 0.039062 0.115278 
2 0.566797 0.826389 0.027344 0.048611 
2 0.156641 0.787500 0.030469 0.048611 
2 0.455859 0.828472 0.027344 0.048611 
1 0.252734 0.829861 0.027344 0.045833 
1 0.248047 0.784028 0.027344 0.045833 
1 0.353125 0.828472 0.028125 0.047222 
1 0.146875 0.830556 0.028906 0.045833 
1 0.461328 0.778472 0.026562 0.047222 
1 0.350781 0.780556 0.028125 0.045833 
