2 0.256641 0.742361 0.027344 0.048611 
0 0.457031 0.802778 0.038281 0.120833 
0 0.562891 0.802083 0.039062 0.119444 
1 0.355469 0.738889 0.027344 0.048611 
0 0.150000 0.804167 0.043750 0.115278 
0 0.250781 0.805556 0.039844 0.113889 
0 0.351562 0.804861 0.039844 0.113889 
2 0.454688 0.831944 0.027344 0.048611 
2 0.566016 0.829861 0.027344 0.048611 
2 0.155469 0.790278 0.030469 0.048611 
1 0.352344 0.831944 0.028125 0.047222 
1 0.144922 0.833333 0.028125 0.045833 
1 0.251563 0.831944 0.028125 0.047222 
1 0.247266 0.785417 0.027344 0.045833 
1 0.350000 0.783333 0.029687 0.047222 
1 0.460156 0.781250 0.026562 0.047222 
