0 0.456641 0.806250 0.038281 0.119444 
0 0.562500 0.804167 0.039062 0.119444 
2 0.255859 0.747917 0.028906 0.048611 
2 0.454688 0.834028 0.028125 0.048611 
2 0.565625 0.831944 0.027344 0.050000 
0 0.351172 0.808333 0.039844 0.115278 
1 0.354687 0.743750 0.028906 0.048611 
1 0.250781 0.836111 0.028125 0.047222 
0 0.250000 0.808333 0.039844 0.116667 
1 0.144141 0.837500 0.028906 0.045833 
1 0.351562 0.835417 0.028125 0.048611 
2 0.154688 0.795833 0.031250 0.050000 
1 0.460156 0.784028 0.027344 0.047222 
0 0.148828 0.809722 0.043750 0.118056 
1 0.246094 0.790278 0.027344 0.045833 
1 0.350391 0.786806 0.029687 0.048611 
