0 0.460156 0.809722 0.038281 0.119444 
0 0.253516 0.810417 0.039062 0.116667 
0 0.354687 0.809722 0.039062 0.116667 
2 0.259766 0.749306 0.028906 0.048611 
0 0.566016 0.809028 0.039062 0.119444 
2 0.457813 0.838194 0.028125 0.050000 
2 0.569531 0.836806 0.027344 0.048611 
0 0.153125 0.809028 0.043750 0.116667 
1 0.254297 0.838889 0.027344 0.047222 
1 0.354297 0.837500 0.028125 0.047222 
1 0.358203 0.745833 0.028906 0.047222 
1 0.148438 0.838194 0.028906 0.045833 
2 0.158984 0.796528 0.030469 0.048611 
1 0.463672 0.786806 0.028125 0.048611 
1 0.352344 0.789583 0.029687 0.048611 
1 0.251172 0.795139 0.028125 0.045833 
