0 0.568359 0.813889 0.039844 0.119444 
0 0.462891 0.811806 0.038281 0.120833 
0 0.357031 0.813194 0.039062 0.115278 
0 0.255859 0.813889 0.038281 0.113889 
2 0.460547 0.841667 0.028125 0.050000 
2 0.262109 0.750694 0.028125 0.047222 
0 0.156641 0.812500 0.043750 0.115278 
2 0.571875 0.840278 0.027344 0.048611 
1 0.150781 0.840972 0.028906 0.047222 
1 0.257031 0.840972 0.027344 0.045833 
1 0.360156 0.749306 0.027344 0.048611 
1 0.252734 0.795139 0.027344 0.047222 
1 0.357812 0.840972 0.028125 0.047222 
2 0.162891 0.798611 0.029687 0.048611 
1 0.465625 0.790972 0.027344 0.047222 
1 0.355859 0.793750 0.029687 0.048611 
