0 0.254297 0.819444 0.039062 0.118056 
0 0.355859 0.818056 0.039062 0.118056 
0 0.461328 0.818056 0.037500 0.119444 
0 0.567969 0.818056 0.039844 0.120833 
2 0.260547 0.756944 0.028125 0.048611 
0 0.153906 0.819444 0.044531 0.116667 
2 0.458984 0.846528 0.027344 0.048611 
1 0.359375 0.754167 0.026562 0.048611 
1 0.148438 0.847222 0.028906 0.047222 
2 0.571094 0.845139 0.027344 0.050000 
1 0.254688 0.847917 0.028125 0.047222 
1 0.356250 0.846528 0.028125 0.050000 
1 0.251172 0.801389 0.028125 0.045833 
2 0.160156 0.804167 0.029687 0.048611 
1 0.463672 0.795139 0.026562 0.047222 
