0 0.151562 0.838194 0.045312 0.119444 
0 0.567969 0.814583 0.041406 0.119444 
0 0.461719 0.819444 0.038281 0.120833 
2 0.258203 0.770833 0.028906 0.050000 
1 0.254297 0.861806 0.028125 0.047222 
0 0.355469 0.826389 0.039844 0.118056 
0 0.252734 0.833333 0.039844 0.118056 
2 0.459766 0.849306 0.028125 0.050000 
2 0.571875 0.840972 0.028125 0.048611 
1 0.147266 0.868750 0.030469 0.047222 
1 0.357812 0.761806 0.028125 0.047222 
1 0.355859 0.854861 0.028906 0.048611 
2 0.157422 0.823611 0.030469 0.050000 
1 0.463672 0.796528 0.027344 0.048611 
1 0.353906 0.806250 0.028906 0.048611 
1 0.249609 0.815278 0.026562 0.047222 
