0 0.148438 0.841667 0.046094 0.120833 
0 0.566016 0.814583 0.041406 0.119444 
2 0.256250 0.774306 0.028125 0.050000 
0 0.459375 0.821528 0.038281 0.120833 
0 0.250000 0.836111 0.039844 0.119444 
2 0.457813 0.850000 0.028906 0.050000 
0 0.353125 0.829167 0.039844 0.119444 
1 0.251172 0.863889 0.028125 0.048611 
2 0.569531 0.841667 0.028125 0.048611 
1 0.355469 0.763889 0.028906 0.047222 
1 0.143750 0.872222 0.030469 0.047222 
1 0.353516 0.856944 0.028906 0.050000 
2 0.153516 0.825694 0.032031 0.051389 
1 0.247266 0.818056 0.026562 0.045833 
1 0.462109 0.798611 0.027344 0.047222 
1 0.351562 0.808333 0.028125 0.048611 
