0 0.150781 0.838194 0.046094 0.120833 
0 0.567578 0.814583 0.042188 0.119444 
0 0.460938 0.819444 0.038281 0.120833 
2 0.257812 0.771528 0.028125 0.050000 
0 0.251953 0.834028 0.040625 0.118056 
0 0.354297 0.827778 0.040625 0.119444 
2 0.458984 0.850000 0.028125 0.050000 
1 0.253906 0.862500 0.027344 0.047222 
2 0.571094 0.842361 0.028125 0.048611 
1 0.354297 0.855556 0.029687 0.050000 
1 0.146094 0.868750 0.030469 0.047222 
1 0.357422 0.761806 0.028125 0.048611 
1 0.464062 0.797917 0.027344 0.047222 
2 0.155469 0.823611 0.032031 0.051389 
1 0.248828 0.815972 0.026562 0.045833 
