0 0.451172 0.823611 0.037500 0.122222 
2 0.246484 0.772222 0.028125 0.048611 
0 0.137500 0.839583 0.046094 0.120833 
0 0.557422 0.819444 0.040625 0.120833 
0 0.239844 0.835417 0.039844 0.118056 
0 0.343359 0.829167 0.041406 0.122222 
1 0.241016 0.863889 0.028125 0.048611 
1 0.132812 0.870139 0.030469 0.047222 
2 0.561328 0.847222 0.027344 0.048611 
1 0.343750 0.858333 0.030469 0.051389 
1 0.346875 0.764583 0.028906 0.047222 
2 0.448437 0.853472 0.026562 0.050000 
1 0.453906 0.801389 0.028125 0.048611 
2 0.143359 0.823611 0.031250 0.051389 
1 0.237109 0.817361 0.027344 0.047222 
1 0.341797 0.808333 0.031250 0.051389 
