0 0.258594 0.865972 0.041406 0.120833 
0 0.468750 0.856944 0.039062 0.125000 
0 0.361328 0.861111 0.039844 0.119444 
0 0.157031 0.868056 0.045312 0.118056 
2 0.581250 0.884028 0.027344 0.048611 
2 0.264844 0.802083 0.027344 0.052778 
0 0.577344 0.856944 0.041406 0.125000 
1 0.364063 0.799306 0.028906 0.050000 
2 0.467187 0.887500 0.027344 0.050000 
2 0.163672 0.853472 0.030469 0.050000 
1 0.362109 0.890972 0.028906 0.050000 
1 0.150781 0.897917 0.027344 0.044444 
1 0.259375 0.895139 0.028125 0.047222 
1 0.471484 0.836111 0.026562 0.045833 
1 0.255078 0.849306 0.028125 0.047222 
