0 0.504687 0.844444 0.038281 0.123611 
0 0.399219 0.847917 0.039062 0.119444 
0 0.612500 0.841667 0.042188 0.122222 
0 0.298047 0.851389 0.036719 0.116667 
2 0.616016 0.868750 0.028125 0.048611 
2 0.503125 0.872917 0.027344 0.048611 
2 0.205078 0.841667 0.028906 0.048611 
2 0.303906 0.790278 0.024219 0.045833 
1 0.193750 0.885417 0.025000 0.043056 
1 0.402344 0.786806 0.027344 0.048611 
1 0.294922 0.834722 0.026562 0.045833 
1 0.298438 0.881250 0.026562 0.044444 
1 0.507812 0.822917 0.026562 0.047222 
0 0.200000 0.856250 0.039062 0.115278 
1 0.396094 0.829167 0.026562 0.045833 
1 0.400000 0.877083 0.027344 0.048611 
