0 0.225391 0.798611 0.040625 0.108333 
2 0.325781 0.739583 0.027344 0.048611 
0 0.630078 0.800000 0.041406 0.120833 
0 0.523438 0.800000 0.037500 0.118056 
0 0.419141 0.799306 0.038281 0.113889 
0 0.321094 0.798611 0.037500 0.115278 
1 0.421484 0.735417 0.026562 0.047222 
2 0.521484 0.827083 0.026562 0.047222 
1 0.419922 0.826389 0.027344 0.047222 
2 0.228906 0.784722 0.029687 0.048611 
1 0.221094 0.826389 0.025781 0.043056 
1 0.321875 0.826389 0.026562 0.044444 
2 0.634375 0.827083 0.028125 0.048611 
1 0.526172 0.777778 0.026562 0.048611 
1 0.415625 0.781250 0.025781 0.043056 
