0 0.557813 0.761806 0.038281 0.115278 
0 0.358594 0.767361 0.036719 0.106944 
0 0.667188 0.758333 0.042969 0.119444 
0 0.453516 0.765278 0.037500 0.109722 
0 0.265625 0.770139 0.037500 0.106944 
2 0.361719 0.709028 0.025781 0.045833 
1 0.454688 0.703472 0.027344 0.045833 
2 0.671094 0.786111 0.028125 0.048611 
2 0.557031 0.788889 0.027344 0.047222 
1 0.262500 0.796528 0.025000 0.043056 
1 0.359766 0.794444 0.025781 0.044444 
1 0.454688 0.790972 0.028125 0.045833 
2 0.270313 0.756250 0.025781 0.045833 
1 0.355078 0.750694 0.025781 0.044444 
1 0.560547 0.740278 0.028125 0.047222 
