0 0.596484 0.759722 0.039062 0.116667 
0 0.308984 0.765278 0.034375 0.102778 
0 0.708984 0.756944 0.045312 0.122222 
0 0.492188 0.761806 0.037500 0.111111 
0 0.396875 0.762500 0.035937 0.108333 
2 0.400781 0.704861 0.025000 0.045833 
1 0.305078 0.792361 0.022656 0.040278 
2 0.595703 0.786806 0.027344 0.047222 
1 0.493750 0.700694 0.025781 0.044444 
1 0.493750 0.787500 0.028906 0.047222 
2 0.713672 0.784722 0.028906 0.050000 
1 0.398047 0.788194 0.025781 0.044444 
2 0.312891 0.752083 0.025781 0.043056 
1 0.599219 0.737500 0.027344 0.047222 
1 0.394922 0.747917 0.025000 0.044444 
