0 0.690625 0.855556 0.046875 0.125000 
0 0.283203 0.859722 0.037500 0.108333 
2 0.284375 0.802778 0.026562 0.045833 
0 0.580078 0.855556 0.039844 0.122222 
0 0.376563 0.856250 0.036719 0.115278 
2 0.694531 0.884028 0.028906 0.048611 
1 0.475391 0.793750 0.028125 0.048611 
1 0.279297 0.886806 0.025781 0.043056 
2 0.579297 0.884722 0.027344 0.047222 
2 0.382031 0.797222 0.024219 0.047222 
1 0.476562 0.884028 0.027344 0.047222 
2 0.287109 0.846528 0.026562 0.044444 
1 0.376953 0.885417 0.025781 0.044444 
0 0.474609 0.855556 0.038281 0.116667 
1 0.582422 0.835417 0.027344 0.047222 
1 0.375000 0.840972 0.025781 0.047222 
