0 0.304297 0.843056 0.035937 0.106944 
0 0.598828 0.842361 0.039062 0.120833 
0 0.709375 0.840972 0.046875 0.120833 
0 0.397266 0.840972 0.037500 0.112500 
0 0.494141 0.841667 0.036719 0.112500 
2 0.401953 0.782639 0.024219 0.045833 
2 0.714063 0.868750 0.028906 0.047222 
1 0.302344 0.869444 0.023438 0.040278 
1 0.495703 0.869444 0.024219 0.044444 
2 0.597656 0.870139 0.026562 0.045833 
2 0.303516 0.781944 0.025000 0.043056 
1 0.398047 0.869444 0.025781 0.041667 
2 0.305078 0.826389 0.025000 0.044444 
1 0.494531 0.779167 0.026562 0.044444 
1 0.601562 0.820833 0.025781 0.045833 
