0 0.732422 0.805556 0.048438 0.120833 
0 0.333984 0.824306 0.035156 0.104167 
0 0.518359 0.815972 0.035937 0.109722 
2 0.425781 0.761111 0.023438 0.045833 
0 0.423438 0.818750 0.035156 0.109722 
0 0.621875 0.811806 0.039844 0.118056 
2 0.622266 0.838889 0.027344 0.047222 
1 0.330859 0.850694 0.024219 0.040278 
1 0.520703 0.841667 0.025781 0.045833 
2 0.335938 0.808333 0.025781 0.044444 
2 0.737891 0.833333 0.029687 0.048611 
2 0.337109 0.765278 0.025000 0.041667 
1 0.519141 0.753472 0.027344 0.044444 
1 0.425000 0.845833 0.026562 0.044444 
1 0.421484 0.803472 0.025781 0.043056 
