0 0.626172 0.829861 0.040625 0.120833 
2 0.339062 0.778472 0.025000 0.043056 
0 0.521875 0.831250 0.036719 0.112500 
0 0.739453 0.828472 0.048438 0.122222 
0 0.426563 0.832639 0.035156 0.109722 
0 0.337109 0.836111 0.035937 0.105556 
2 0.430078 0.774306 0.024219 0.044444 
1 0.524609 0.856944 0.026562 0.047222 
2 0.743359 0.856944 0.029687 0.048611 
2 0.626563 0.857639 0.028125 0.048611 
1 0.333203 0.861111 0.025000 0.041667 
1 0.523047 0.770139 0.027344 0.045833 
1 0.427734 0.859028 0.026562 0.043056 
1 0.629687 0.808333 0.027344 0.048611 
1 0.518359 0.813889 0.025781 0.044444 
1 0.424219 0.815972 0.025000 0.044444 
