2 0.445312 0.766667 0.025000 0.044444 
0 0.536719 0.826389 0.035937 0.111111 
0 0.641406 0.829167 0.040625 0.120833 
0 0.755469 0.830556 0.047656 0.122222 
0 0.441797 0.825694 0.035156 0.106944 
2 0.352734 0.768750 0.024219 0.041667 
0 0.352734 0.824306 0.035156 0.101389 
2 0.760156 0.858333 0.029687 0.050000 
2 0.641406 0.856944 0.028125 0.048611 
1 0.536719 0.763194 0.025781 0.045833 
1 0.349219 0.847917 0.023438 0.041667 
1 0.539062 0.852083 0.025781 0.045833 
2 0.357422 0.810417 0.024219 0.041667 
1 0.644141 0.806944 0.028125 0.048611 
1 0.442578 0.850694 0.025781 0.043056 
1 0.533984 0.807639 0.026562 0.047222 
1 0.438672 0.809722 0.025781 0.044444 
