0 0.660937 0.849306 0.039062 0.120833 
2 0.463281 0.779167 0.023438 0.044444 
0 0.371484 0.832639 0.033594 0.102778 
0 0.554297 0.842361 0.035156 0.111111 
0 0.460156 0.836806 0.032813 0.106944 
0 0.775781 0.857639 0.047656 0.127778 
1 0.556641 0.868750 0.025781 0.045833 
2 0.371094 0.777083 0.023438 0.041667 
2 0.781641 0.886806 0.030469 0.051389 
1 0.460547 0.862500 0.023438 0.041667 
2 0.660156 0.878472 0.026562 0.047222 
1 0.367188 0.856944 0.022656 0.040278 
1 0.555469 0.778472 0.024219 0.043056 
1 0.663672 0.827083 0.027344 0.047222 
1 0.551953 0.822917 0.024219 0.041667 
2 0.376172 0.817361 0.023438 0.040278 
