0 0.557031 0.760417 0.031250 0.100000 
0 0.470703 0.761111 0.034375 0.104167 
0 0.158984 0.762500 0.045312 0.118056 
2 0.160156 0.705556 0.029687 0.050000 
0 0.271484 0.762500 0.038281 0.112500 
2 0.277734 0.706250 0.026562 0.044444 
0 0.373437 0.759028 0.035156 0.108333 
1 0.271484 0.789583 0.025781 0.043056 
1 0.153125 0.792361 0.028906 0.047222 
2 0.467969 0.786111 0.024219 0.040278 
1 0.376172 0.704861 0.026562 0.044444 
2 0.166016 0.749306 0.029687 0.047222 
2 0.559375 0.784028 0.021094 0.038889 
1 0.374609 0.786806 0.025000 0.043056 
1 0.267578 0.745833 0.025781 0.043056 
1 0.473438 0.742361 0.023438 0.041667 
