2 0.257812 0.652778 0.026562 0.045833 
0 0.451953 0.703472 0.033594 0.101389 
0 0.137891 0.712500 0.045312 0.120833 
0 0.252734 0.709028 0.037500 0.109722 
1 0.356641 0.730556 0.024219 0.043056 
0 0.537891 0.699306 0.032031 0.095833 
0 0.355078 0.706250 0.034375 0.105556 
2 0.135547 0.656250 0.030469 0.050000 
2 0.450391 0.726389 0.024219 0.041667 
1 0.254297 0.735417 0.025781 0.044444 
2 0.539453 0.721528 0.021094 0.038889 
1 0.248828 0.693056 0.025781 0.044444 
1 0.133203 0.743056 0.030469 0.047222 
1 0.355469 0.650000 0.025781 0.045833 
2 0.143750 0.700000 0.030469 0.048611 
1 0.353516 0.688194 0.024219 0.041667 
