0 0.154688 0.690278 0.042969 0.112500 
0 0.463281 0.682639 0.032813 0.101389 
2 0.272266 0.631250 0.025000 0.045833 
0 0.266797 0.686806 0.035937 0.108333 
0 0.367578 0.684028 0.033594 0.104167 
2 0.153125 0.634028 0.029687 0.047222 
0 0.549219 0.679861 0.031250 0.095833 
1 0.369531 0.709028 0.024219 0.043056 
1 0.268359 0.713889 0.025000 0.043056 
2 0.462109 0.706250 0.024219 0.041667 
2 0.551562 0.702778 0.021094 0.037500 
1 0.151172 0.718750 0.028906 0.045833 
1 0.263672 0.671528 0.025781 0.044444 
1 0.369922 0.626389 0.023438 0.043056 
2 0.160547 0.677083 0.030469 0.047222 
1 0.366406 0.667361 0.024219 0.040278 
