0 0.558594 0.671528 0.031250 0.094444 
0 0.167969 0.681944 0.042188 0.113889 
2 0.165625 0.625694 0.028906 0.048611 
0 0.377734 0.676389 0.033594 0.102778 
0 0.472266 0.675000 0.032031 0.098611 
0 0.277734 0.679167 0.035156 0.106944 
2 0.282422 0.622917 0.024219 0.043056 
1 0.279297 0.704861 0.024219 0.043056 
1 0.379297 0.700694 0.023438 0.040278 
1 0.164062 0.710417 0.028906 0.045833 
2 0.471094 0.697917 0.023438 0.041667 
2 0.560547 0.693750 0.021094 0.037500 
2 0.173437 0.668750 0.029687 0.047222 
1 0.275000 0.663194 0.026562 0.043056 
1 0.379688 0.619444 0.024219 0.041667 
