2 0.187109 0.628472 0.027344 0.045833 
0 0.189844 0.683333 0.041406 0.112500 
0 0.488672 0.670139 0.033594 0.100000 
0 0.575000 0.664583 0.032031 0.095833 
2 0.300781 0.623611 0.025000 0.044444 
0 0.394531 0.674306 0.033594 0.100000 
0 0.297266 0.678472 0.034375 0.106944 
1 0.299219 0.704167 0.024219 0.043056 
1 0.396484 0.697222 0.024219 0.041667 
1 0.395703 0.616667 0.024219 0.041667 
1 0.186328 0.713194 0.027344 0.044444 
2 0.577344 0.686806 0.021094 0.037500 
2 0.195312 0.670139 0.028125 0.045833 
2 0.487500 0.692361 0.024219 0.041667 
1 0.391797 0.657639 0.023438 0.041667 
1 0.294531 0.663194 0.023438 0.040278 
