0 0.584375 0.647222 0.032813 0.097222 
0 0.498047 0.649306 0.032031 0.098611 
2 0.200781 0.601389 0.027344 0.045833 
0 0.202734 0.657639 0.039062 0.108333 
0 0.308594 0.654861 0.034375 0.104167 
2 0.312500 0.599306 0.025000 0.043056 
0 0.405078 0.652083 0.032813 0.100000 
1 0.309766 0.678472 0.024219 0.041667 
2 0.496875 0.673611 0.024219 0.041667 
2 0.208594 0.643056 0.026562 0.044444 
1 0.200000 0.683333 0.027344 0.043056 
2 0.586719 0.670139 0.021875 0.037500 
1 0.406641 0.674306 0.022656 0.040278 
1 0.407422 0.595833 0.023438 0.040278 
1 0.305078 0.638889 0.024219 0.041667 
