0 0.201953 0.620833 0.039844 0.111111 
0 0.582812 0.618056 0.031250 0.094444 
0 0.404297 0.620139 0.032813 0.101389 
0 0.496875 0.619444 0.032031 0.101389 
0 0.306641 0.620139 0.035156 0.105556 
2 0.199609 0.565972 0.027344 0.045833 
2 0.311719 0.565278 0.024219 0.044444 
1 0.303125 0.605556 0.023438 0.041667 
2 0.494922 0.642361 0.023438 0.040278 
1 0.308594 0.646528 0.023438 0.040278 
1 0.404687 0.565278 0.025000 0.041667 
1 0.199219 0.649306 0.027344 0.044444 
2 0.584766 0.640278 0.021094 0.037500 
1 0.405469 0.643750 0.023438 0.041667 
2 0.207422 0.608333 0.027344 0.045833 
