2 0.306641 0.562500 0.025000 0.043056 
2 0.194141 0.563889 0.028125 0.047222 
0 0.196484 0.618750 0.041406 0.109722 
0 0.578906 0.610417 0.031250 0.095833 
1 0.401562 0.637500 0.023438 0.041667 
0 0.302734 0.616667 0.035156 0.105556 
0 0.400000 0.613889 0.033594 0.101389 
0 0.493359 0.612500 0.032813 0.101389 
1 0.305078 0.641667 0.024219 0.043056 
2 0.491797 0.636806 0.023438 0.040278 
2 0.201563 0.605556 0.027344 0.045833 
1 0.193750 0.646528 0.028125 0.043056 
1 0.299609 0.601389 0.025000 0.043056 
2 0.581250 0.632639 0.021875 0.037500 
1 0.401953 0.556944 0.024219 0.041667 
