0 0.576562 0.604167 0.032031 0.094444 
2 0.304297 0.558333 0.025000 0.044444 
2 0.191406 0.562500 0.028125 0.045833 
0 0.193750 0.617361 0.041406 0.109722 
0 0.490625 0.607639 0.032813 0.100000 
0 0.300000 0.613889 0.035156 0.104167 
1 0.301953 0.639583 0.024219 0.041667 
0 0.396875 0.610417 0.033594 0.101389 
1 0.398828 0.634722 0.023438 0.040278 
2 0.488672 0.631944 0.023438 0.040278 
2 0.578516 0.626389 0.021094 0.037500 
1 0.191016 0.644444 0.028125 0.044444 
2 0.198828 0.604167 0.028125 0.045833 
1 0.399219 0.552778 0.023438 0.043056 
1 0.492578 0.593056 0.024219 0.044444 
