2 0.194141 0.562500 0.028125 0.045833 
0 0.579297 0.606250 0.032031 0.094444 
0 0.196875 0.618056 0.041406 0.109722 
2 0.307031 0.559722 0.024219 0.043056 
0 0.493359 0.609028 0.032031 0.098611 
0 0.302734 0.614583 0.034375 0.104167 
1 0.401953 0.634722 0.023438 0.040278 
0 0.399609 0.611111 0.032813 0.101389 
1 0.305078 0.638889 0.024219 0.041667 
2 0.491016 0.631944 0.022656 0.038889 
2 0.580859 0.627778 0.021875 0.037500 
1 0.194141 0.645139 0.028906 0.044444 
2 0.202344 0.603472 0.027344 0.045833 
1 0.402344 0.552778 0.023438 0.043056 
1 0.300000 0.599306 0.024219 0.041667 
1 0.397266 0.595139 0.023438 0.041667 
