0 0.200000 0.617361 0.039844 0.109722 
2 0.197266 0.562500 0.028125 0.047222 
2 0.308984 0.560417 0.024219 0.043056 
0 0.580469 0.610417 0.031250 0.094444 
0 0.494922 0.611806 0.032031 0.101389 
0 0.304688 0.615278 0.034375 0.104167 
0 0.401953 0.612500 0.033594 0.100000 
1 0.403125 0.636111 0.023438 0.040278 
1 0.306641 0.640278 0.024219 0.041667 
2 0.492578 0.635417 0.022656 0.040278 
2 0.582812 0.631944 0.021094 0.037500 
1 0.301172 0.600000 0.024219 0.041667 
1 0.196875 0.644444 0.028906 0.044444 
1 0.404297 0.555556 0.022656 0.041667 
