0 0.194531 0.620833 0.041406 0.112500 
0 0.490234 0.622917 0.032813 0.100000 
0 0.576562 0.622222 0.031250 0.095833 
0 0.300781 0.623611 0.035156 0.102778 
2 0.192188 0.566667 0.028125 0.045833 
0 0.397656 0.622222 0.033594 0.101389 
2 0.304688 0.568056 0.024219 0.041667 
2 0.489063 0.645139 0.022656 0.040278 
1 0.301953 0.647917 0.024219 0.041667 
1 0.398828 0.646528 0.024219 0.040278 
1 0.191406 0.650694 0.028125 0.044444 
2 0.199609 0.609028 0.028125 0.044444 
2 0.578516 0.645139 0.021094 0.037500 
1 0.398828 0.568056 0.025000 0.043056 
1 0.297656 0.607639 0.025000 0.041667 
