0 0.488672 0.631944 0.032031 0.100000 
0 0.191797 0.639583 0.040625 0.111111 
0 0.574609 0.629167 0.031250 0.094444 
2 0.188672 0.585417 0.028906 0.047222 
2 0.301953 0.582639 0.025000 0.043056 
0 0.394531 0.633333 0.033594 0.100000 
0 0.298438 0.637500 0.034375 0.102778 
1 0.299609 0.662500 0.024219 0.043056 
1 0.397266 0.658333 0.024219 0.041667 
1 0.188281 0.668056 0.028125 0.044444 
2 0.576562 0.651389 0.021094 0.038889 
1 0.396875 0.576389 0.023438 0.040278 
2 0.197266 0.626389 0.028125 0.045833 
2 0.487109 0.655556 0.023438 0.040278 
1 0.490234 0.614583 0.024219 0.043056 
