0 0.309766 0.640972 0.034375 0.104167 
0 0.405469 0.635417 0.032813 0.101389 
0 0.584375 0.628472 0.032031 0.094444 
0 0.204297 0.645139 0.039844 0.108333 
2 0.313281 0.585417 0.025000 0.044444 
0 0.498828 0.631944 0.032031 0.101389 
2 0.201953 0.590278 0.028125 0.047222 
1 0.407813 0.660417 0.023438 0.040278 
2 0.497266 0.655556 0.023438 0.040278 
1 0.311719 0.665278 0.024219 0.043056 
1 0.201563 0.672917 0.027344 0.043056 
2 0.587109 0.650000 0.021875 0.038889 
1 0.407813 0.578472 0.023438 0.040278 
1 0.403906 0.618750 0.023438 0.040278 
2 0.208984 0.631250 0.027344 0.044444 
1 0.501172 0.614583 0.023438 0.041667 
2 0.204297 0.598611 0.028125 0.052778 
