0 0.334375 0.643056 0.033594 0.101389 
0 0.428516 0.638194 0.033594 0.100000 
0 0.607031 0.630556 0.033594 0.095833 
0 0.521484 0.634028 0.033594 0.101389 
0 0.232031 0.647222 0.038281 0.105556 
2 0.229297 0.592361 0.026562 0.043056 
1 0.431250 0.661806 0.022656 0.040278 
2 0.519922 0.657639 0.023438 0.040278 
1 0.336328 0.666667 0.023438 0.041667 
1 0.430078 0.583333 0.023438 0.041667 
1 0.229687 0.673611 0.025000 0.043056 
2 0.337891 0.587500 0.023438 0.041667 
2 0.609766 0.652778 0.021094 0.037500 
2 0.237500 0.632639 0.026562 0.043056 
