0 0.496094 0.725694 0.034375 0.102778 
2 0.309375 0.690972 0.025000 0.043056 
0 0.580469 0.717361 0.032813 0.094444 
0 0.402734 0.736806 0.033594 0.101389 
0 0.197266 0.759028 0.042188 0.115278 
0 0.305078 0.747917 0.035156 0.106944 
2 0.195703 0.704167 0.028125 0.047222 
2 0.494922 0.750000 0.023438 0.040278 
1 0.307422 0.772917 0.024219 0.041667 
1 0.404687 0.681944 0.022656 0.038889 
1 0.194531 0.788889 0.028125 0.044444 
1 0.404687 0.761111 0.021875 0.038889 
2 0.583203 0.738889 0.020313 0.036111 
1 0.302344 0.731944 0.024219 0.040278 
2 0.203125 0.745833 0.028125 0.044444 
