0 0.476172 0.713194 0.035156 0.101389 
2 0.286719 0.686111 0.025781 0.045833 
0 0.383203 0.727083 0.035937 0.104167 
0 0.283984 0.745139 0.036719 0.109722 
0 0.560156 0.698611 0.035156 0.094444 
2 0.169141 0.706250 0.029687 0.048611 
0 0.172266 0.763194 0.042969 0.119444 
1 0.286719 0.770139 0.025000 0.044444 
1 0.385937 0.752083 0.023438 0.041667 
1 0.170313 0.792361 0.029687 0.047222 
2 0.475781 0.735417 0.023438 0.038889 
2 0.177734 0.747222 0.028906 0.045833 
2 0.563281 0.719444 0.020313 0.036111 
1 0.280078 0.729167 0.024219 0.040278 
