2 0.289453 0.650000 0.025781 0.045833 
0 0.385156 0.690278 0.035156 0.101389 
2 0.173047 0.672222 0.028906 0.048611 
0 0.477734 0.673611 0.035156 0.101389 
0 0.177344 0.727778 0.043750 0.113889 
0 0.287500 0.706944 0.038281 0.108333 
1 0.290625 0.732639 0.025000 0.043056 
0 0.560937 0.657639 0.032813 0.090278 
2 0.476953 0.696528 0.022656 0.038889 
1 0.388672 0.713889 0.022656 0.040278 
1 0.174609 0.756944 0.028906 0.045833 
1 0.385937 0.634722 0.024219 0.041667 
2 0.564063 0.679167 0.019531 0.036111 
2 0.182812 0.713194 0.028125 0.045833 
1 0.478906 0.656250 0.025000 0.043056 
