0 0.192578 0.697917 0.046094 0.116667 
0 0.488281 0.643750 0.037500 0.098611 
0 0.570703 0.630556 0.037500 0.091667 
2 0.301172 0.622222 0.026562 0.043056 
2 0.187500 0.642361 0.028906 0.047222 
1 0.303906 0.704167 0.025000 0.043056 
0 0.396094 0.661111 0.039062 0.104167 
1 0.400781 0.685417 0.023438 0.040278 
0 0.301172 0.677778 0.039062 0.108333 
1 0.190234 0.726389 0.028125 0.044444 
2 0.487891 0.668056 0.022656 0.036111 
1 0.395313 0.609028 0.025781 0.043056 
2 0.573828 0.650694 0.021094 0.034722 
2 0.197656 0.684028 0.029687 0.044444 
1 0.296484 0.663194 0.025000 0.038889 
