2 0.334766 0.596528 0.025000 0.041667 
0 0.517188 0.625694 0.035156 0.098611 
2 0.227344 0.609722 0.027344 0.044444 
0 0.231641 0.664583 0.041406 0.108333 
0 0.426953 0.636806 0.035156 0.100000 
0 0.601562 0.614583 0.033594 0.091667 
0 0.333984 0.650000 0.035937 0.102778 
1 0.430469 0.660417 0.022656 0.040278 
2 0.516406 0.649306 0.022656 0.038889 
1 0.228906 0.690972 0.025781 0.043056 
2 0.236328 0.650694 0.027344 0.044444 
2 0.604297 0.635417 0.021094 0.036111 
1 0.336719 0.675000 0.022656 0.040278 
1 0.328906 0.636806 0.025000 0.040278 
