2 0.364453 0.581250 0.024219 0.041667 
0 0.630469 0.604861 0.035937 0.094444 
0 0.546094 0.613889 0.034375 0.098611 
0 0.264453 0.646528 0.038281 0.105556 
0 0.455078 0.624306 0.035156 0.100000 
0 0.363281 0.634028 0.035156 0.101389 
2 0.261328 0.593750 0.026562 0.044444 
1 0.366406 0.658333 0.022656 0.040278 
2 0.633594 0.626389 0.021094 0.036111 
2 0.545312 0.637500 0.023438 0.038889 
1 0.454297 0.570139 0.025000 0.041667 
1 0.458203 0.647222 0.022656 0.038889 
1 0.263672 0.672222 0.025000 0.043056 
2 0.268750 0.632639 0.025781 0.043056 
1 0.548438 0.595833 0.024219 0.040278 
