0 0.644922 0.605556 0.033594 0.094444 
0 0.558984 0.613889 0.033594 0.101389 
2 0.378906 0.579167 0.023438 0.040278 
0 0.280469 0.643056 0.036719 0.104167 
2 0.276562 0.590972 0.025000 0.043056 
0 0.467969 0.624306 0.032813 0.097222 
0 0.376953 0.631944 0.032813 0.102778 
1 0.278906 0.668750 0.025000 0.043056 
2 0.558203 0.637500 0.023438 0.040278 
1 0.379688 0.655556 0.022656 0.040278 
1 0.470313 0.646528 0.022656 0.040278 
2 0.646875 0.627778 0.021094 0.037500 
1 0.467969 0.568056 0.023438 0.040278 
2 0.284375 0.628472 0.025000 0.041667 
1 0.560937 0.595833 0.024219 0.040278 
