0 0.563672 0.632639 0.033594 0.098611 
0 0.381641 0.650694 0.032031 0.098611 
0 0.648438 0.626389 0.032813 0.094444 
2 0.281250 0.606250 0.025000 0.044444 
0 0.473047 0.641667 0.032031 0.097222 
0 0.284375 0.659722 0.035937 0.102778 
1 0.475000 0.663194 0.021875 0.038889 
2 0.383203 0.595833 0.023438 0.040278 
1 0.282813 0.682639 0.024219 0.040278 
1 0.383984 0.672917 0.021875 0.038889 
2 0.562109 0.656944 0.023438 0.040278 
1 0.379297 0.636111 0.023438 0.040278 
2 0.651563 0.647917 0.021094 0.036111 
1 0.473438 0.586111 0.022656 0.040278 
2 0.288281 0.643750 0.025000 0.041667 
1 0.565234 0.616667 0.024219 0.043056 
