0 0.560547 0.646528 0.033594 0.101389 
0 0.646484 0.641667 0.032813 0.095833 
2 0.380859 0.604167 0.023438 0.040278 
0 0.281250 0.663194 0.035937 0.104167 
2 0.278125 0.610417 0.024219 0.043056 
0 0.469922 0.652083 0.032031 0.098611 
0 0.378125 0.658333 0.032813 0.100000 
1 0.380859 0.680556 0.021875 0.038889 
1 0.472266 0.675000 0.022656 0.040278 
1 0.279297 0.688194 0.025000 0.041667 
2 0.559375 0.670139 0.023438 0.040278 
2 0.648828 0.664583 0.021094 0.036111 
1 0.470313 0.595833 0.021094 0.040278 
2 0.285156 0.648611 0.025781 0.043056 
1 0.375781 0.643750 0.023438 0.040278 
1 0.563672 0.629861 0.023438 0.044444 
