0 0.556250 0.663889 0.032813 0.101389 
0 0.640625 0.659722 0.031250 0.097222 
2 0.274219 0.619444 0.025000 0.044444 
0 0.465625 0.666667 0.032031 0.100000 
0 0.373828 0.669444 0.032813 0.102778 
0 0.275781 0.675000 0.034375 0.104167 
2 0.554297 0.686806 0.023438 0.040278 
2 0.376563 0.616667 0.023438 0.040278 
1 0.467578 0.690278 0.022656 0.040278 
1 0.466016 0.611806 0.025000 0.041667 
2 0.642969 0.682639 0.021875 0.037500 
2 0.279687 0.660417 0.024219 0.041667 
1 0.558594 0.643750 0.022656 0.040278 
1 0.376172 0.694444 0.022656 0.040278 
1 0.273828 0.699306 0.025000 0.041667 
1 0.371484 0.654861 0.025000 0.043056 
