0 0.385156 0.687500 0.032813 0.100000 
2 0.285938 0.638889 0.025781 0.044444 
0 0.566797 0.677778 0.033594 0.100000 
0 0.652734 0.673611 0.033594 0.094444 
0 0.476562 0.682639 0.032813 0.098611 
0 0.287109 0.693750 0.035156 0.101389 
1 0.478516 0.705556 0.022656 0.040278 
1 0.387109 0.711806 0.022656 0.040278 
1 0.477344 0.627083 0.023438 0.041667 
2 0.565234 0.700694 0.023438 0.040278 
2 0.388281 0.634028 0.023438 0.040278 
2 0.654687 0.695833 0.021875 0.037500 
2 0.291016 0.678472 0.024219 0.041667 
1 0.285547 0.718750 0.024219 0.041667 
1 0.475781 0.665278 0.024219 0.040278 
1 0.382422 0.671528 0.023438 0.040278 
1 0.568750 0.661806 0.023438 0.043056 
