0 0.574219 0.668056 0.033594 0.098611 
0 0.295312 0.693056 0.035156 0.102778 
0 0.392969 0.683333 0.033594 0.100000 
0 0.483984 0.675000 0.031250 0.095833 
2 0.394922 0.630556 0.023438 0.041667 
0 0.659766 0.659722 0.033594 0.095833 
2 0.292969 0.640972 0.025000 0.043056 
1 0.395703 0.707639 0.022656 0.040278 
2 0.661719 0.681250 0.021094 0.037500 
1 0.390625 0.668750 0.023438 0.040278 
1 0.293750 0.718750 0.023438 0.040278 
2 0.573047 0.690278 0.023438 0.038889 
1 0.485938 0.698611 0.021094 0.037500 
1 0.484766 0.618056 0.022656 0.040278 
