0 0.315625 0.665972 0.035156 0.104167 
0 0.591406 0.638889 0.033594 0.098611 
0 0.501172 0.647222 0.032813 0.097222 
2 0.413672 0.602083 0.022656 0.043056 
0 0.677344 0.631250 0.034375 0.094444 
0 0.410547 0.656944 0.032813 0.100000 
2 0.590625 0.661806 0.022656 0.038889 
1 0.502344 0.593056 0.021875 0.038889 
2 0.313281 0.612500 0.024219 0.043056 
1 0.314063 0.689583 0.024219 0.041667 
1 0.413672 0.679167 0.022656 0.038889 
1 0.503125 0.670139 0.021875 0.038889 
2 0.679688 0.652778 0.021875 0.036111 
1 0.408594 0.641667 0.022656 0.040278 
