0 0.410156 0.627778 0.032813 0.100000 
0 0.314453 0.638194 0.035937 0.102778 
0 0.674609 0.602083 0.032031 0.093056 
2 0.311328 0.584722 0.024219 0.044444 
0 0.500000 0.618056 0.032813 0.098611 
0 0.589063 0.609028 0.034375 0.098611 
1 0.502344 0.640972 0.022656 0.040278 
1 0.312891 0.663194 0.024219 0.040278 
2 0.588672 0.633333 0.022656 0.038889 
2 0.411719 0.574306 0.023438 0.041667 
1 0.412891 0.652083 0.022656 0.040278 
1 0.500391 0.565278 0.024219 0.043056 
1 0.591406 0.593056 0.024219 0.043056 
1 0.406641 0.615278 0.022656 0.040278 
2 0.676953 0.623611 0.020313 0.036111 
2 0.317578 0.624306 0.026562 0.044444 
