0 0.442188 0.638889 0.032813 0.100000 
0 0.623437 0.620833 0.034375 0.100000 
0 0.532031 0.629861 0.033594 0.098611 
0 0.347656 0.649306 0.034375 0.098611 
2 0.442969 0.585417 0.021875 0.041667 
0 0.711328 0.610417 0.034375 0.094444 
1 0.444922 0.662500 0.023438 0.040278 
2 0.345703 0.597222 0.025000 0.043056 
2 0.623047 0.643750 0.024219 0.040278 
1 0.534766 0.652083 0.022656 0.040278 
1 0.532422 0.575000 0.023438 0.040278 
1 0.439844 0.623611 0.023438 0.040278 
1 0.347266 0.674306 0.022656 0.038889 
2 0.713672 0.634028 0.021875 0.037500 
2 0.351172 0.633333 0.023438 0.040278 
