0 0.616797 0.629861 0.034375 0.097222 
0 0.436719 0.646528 0.032813 0.098611 
0 0.526172 0.638194 0.032813 0.098611 
2 0.339453 0.603472 0.025000 0.041667 
0 0.703516 0.620833 0.035156 0.095833 
0 0.342578 0.656944 0.035937 0.104167 
1 0.528906 0.661111 0.021875 0.040278 
2 0.438672 0.593056 0.023438 0.040278 
2 0.616016 0.653472 0.022656 0.040278 
1 0.439453 0.670833 0.021875 0.038889 
1 0.341406 0.680556 0.024219 0.041667 
1 0.526172 0.584028 0.023438 0.040278 
2 0.345313 0.642361 0.024219 0.040278 
1 0.433594 0.632639 0.023438 0.040278 
2 0.341406 0.611111 0.025000 0.051389 
1 0.617578 0.611806 0.024219 0.041667 
