0 0.626953 0.684722 0.033594 0.101389 
2 0.350391 0.645139 0.024219 0.041667 
0 0.714453 0.680556 0.034375 0.100000 
0 0.351953 0.699306 0.033594 0.102778 
0 0.536328 0.689583 0.032031 0.098611 
0 0.446094 0.694444 0.032031 0.098611 
2 0.449609 0.638889 0.022656 0.041667 
1 0.537500 0.713889 0.021875 0.038889 
1 0.536328 0.636111 0.024219 0.043056 
2 0.625781 0.709028 0.022656 0.038889 
2 0.716406 0.703472 0.022656 0.038889 
1 0.350000 0.723611 0.022656 0.038889 
1 0.448047 0.717361 0.022656 0.038889 
1 0.444141 0.677778 0.022656 0.040278 
1 0.629297 0.666667 0.024219 0.040278 
1 0.533984 0.675694 0.023438 0.040278 
