2 0.337500 0.668056 0.024219 0.043056 
0 0.434766 0.714583 0.031250 0.102778 
0 0.339453 0.720833 0.035156 0.104167 
0 0.614844 0.704861 0.033594 0.102778 
0 0.700781 0.698611 0.032813 0.095833 
0 0.525391 0.708333 0.032813 0.101389 
2 0.614453 0.727778 0.023438 0.040278 
1 0.527344 0.732639 0.022656 0.040278 
2 0.437891 0.660417 0.022656 0.041667 
1 0.337891 0.747222 0.024219 0.041667 
1 0.437109 0.739583 0.022656 0.041667 
1 0.525391 0.656250 0.024219 0.044444 
2 0.702344 0.721528 0.021875 0.037500 
1 0.431641 0.699306 0.023438 0.041667 
