0 0.603516 0.683333 0.033594 0.098611 
2 0.326562 0.649306 0.025000 0.041667 
0 0.687500 0.677778 0.032813 0.094444 
0 0.423047 0.694444 0.033594 0.101389 
0 0.514453 0.688194 0.031250 0.097222 
0 0.328516 0.702778 0.035156 0.104167 
1 0.514844 0.636111 0.021875 0.040278 
1 0.516406 0.711806 0.021875 0.038889 
1 0.326562 0.727083 0.024219 0.041667 
2 0.602344 0.706250 0.022656 0.038889 
2 0.427734 0.640972 0.021094 0.040278 
2 0.332422 0.688194 0.023438 0.040278 
2 0.689063 0.699306 0.021094 0.037500 
1 0.421484 0.680556 0.024219 0.043056 
1 0.512891 0.672917 0.022656 0.038889 
1 0.425391 0.718750 0.025000 0.041667 
