0 0.598828 0.649306 0.033594 0.097222 
0 0.325000 0.684028 0.034375 0.101389 
0 0.682031 0.639583 0.032813 0.094444 
0 0.510156 0.660417 0.032813 0.097222 
1 0.323828 0.710417 0.022656 0.040278 
0 0.421094 0.670833 0.032031 0.101389 
1 0.512891 0.684028 0.021094 0.037500 
2 0.321484 0.631944 0.023438 0.040278 
2 0.422266 0.618056 0.022656 0.041667 
2 0.597656 0.673611 0.021875 0.037500 
2 0.684375 0.661806 0.021094 0.036111 
1 0.422656 0.693750 0.023438 0.038889 
1 0.511328 0.606250 0.021094 0.040278 
1 0.509766 0.611806 0.021875 0.043056 
2 0.328906 0.669444 0.025000 0.041667 
