0 0.594141 0.631250 0.033594 0.095833 
0 0.505859 0.643056 0.032813 0.095833 
0 0.320703 0.670139 0.036719 0.104167 
0 0.676172 0.618750 0.033594 0.091667 
2 0.317578 0.617361 0.025000 0.043056 
0 0.417187 0.656250 0.033594 0.101389 
2 0.418750 0.601389 0.021875 0.038889 
2 0.593359 0.654167 0.023438 0.037500 
1 0.508984 0.665278 0.021875 0.038889 
2 0.678516 0.640972 0.021094 0.036111 
1 0.507422 0.590278 0.021094 0.038889 
1 0.319922 0.695833 0.023438 0.040278 
1 0.419922 0.679167 0.023438 0.040278 
1 0.414062 0.640972 0.023438 0.040278 
2 0.324609 0.654861 0.024219 0.038889 
