0 0.328125 0.682639 0.036719 0.104167 
0 0.680469 0.618750 0.035156 0.091667 
0 0.424609 0.665972 0.035937 0.100000 
1 0.327344 0.709028 0.023438 0.040278 
2 0.599219 0.657639 0.022656 0.038889 
2 0.683203 0.640278 0.021094 0.036111 
0 0.512109 0.649306 0.032813 0.097222 
2 0.324219 0.631250 0.024219 0.041667 
2 0.424609 0.612500 0.024219 0.041667 
1 0.515625 0.672917 0.021875 0.038889 
1 0.428516 0.690278 0.023438 0.038889 
0 0.599609 0.634028 0.035937 0.098611 
1 0.511719 0.595833 0.024219 0.041667 
1 0.420703 0.652083 0.025000 0.040278 
1 0.509766 0.634028 0.024219 0.041667 
