0 0.584766 0.718056 0.033594 0.097222 
0 0.312109 0.757639 0.036719 0.108333 
0 0.664453 0.705556 0.032813 0.091667 
0 0.409375 0.745139 0.034375 0.102778 
2 0.309766 0.706250 0.025781 0.043056 
0 0.499219 0.729861 0.032813 0.100000 
1 0.500781 0.753472 0.023438 0.040278 
2 0.411719 0.690278 0.022656 0.041667 
2 0.666797 0.727083 0.021875 0.037500 
1 0.412891 0.768056 0.022656 0.040278 
2 0.584766 0.740972 0.022656 0.038889 
1 0.310937 0.786111 0.024219 0.041667 
2 0.315234 0.742361 0.025000 0.043056 
1 0.499609 0.677083 0.024219 0.044444 
