0 0.570703 0.695139 0.034375 0.093056 
0 0.648047 0.683333 0.032813 0.090278 
0 0.300781 0.740278 0.035937 0.105556 
0 0.486328 0.706944 0.033594 0.101389 
2 0.298438 0.687500 0.024219 0.041667 
2 0.400391 0.670139 0.022656 0.040278 
1 0.401953 0.747917 0.021875 0.038889 
0 0.398438 0.722917 0.034375 0.102778 
1 0.488672 0.732639 0.021875 0.038889 
2 0.569922 0.718056 0.021094 0.036111 
2 0.650391 0.704861 0.018750 0.033333 
2 0.304688 0.725000 0.024219 0.038889 
1 0.485547 0.656944 0.021875 0.040278 
1 0.299609 0.766667 0.022656 0.040278 
