0 0.572266 0.677083 0.034375 0.093056 
0 0.401953 0.709028 0.035937 0.101389 
2 0.301172 0.677083 0.024219 0.041667 
0 0.305469 0.728472 0.037500 0.104167 
1 0.304688 0.754861 0.024219 0.041667 
2 0.402344 0.656944 0.025000 0.041667 
0 0.648438 0.661111 0.033594 0.088889 
0 0.489063 0.690972 0.033594 0.095833 
2 0.651172 0.682639 0.020313 0.034722 
1 0.491797 0.714583 0.021094 0.037500 
1 0.487500 0.638889 0.024219 0.040278 
2 0.572656 0.698611 0.021875 0.036111 
2 0.308594 0.713889 0.025781 0.041667 
1 0.406641 0.732639 0.022656 0.038889 
1 0.398828 0.693750 0.024219 0.040278 
