0 0.567187 0.663194 0.033594 0.093056 
2 0.297656 0.661806 0.025000 0.043056 
0 0.301563 0.714583 0.037500 0.104167 
0 0.643750 0.647917 0.032813 0.086111 
0 0.397266 0.694444 0.035156 0.100000 
0 0.484766 0.677083 0.034375 0.097222 
2 0.399219 0.641667 0.024219 0.041667 
2 0.645703 0.669444 0.019531 0.034722 
2 0.303906 0.698611 0.024219 0.040278 
1 0.401953 0.718750 0.021875 0.040278 
1 0.487891 0.701389 0.021875 0.037500 
1 0.484375 0.625694 0.022656 0.038889 
1 0.300391 0.739583 0.023438 0.041667 
2 0.567969 0.685417 0.021875 0.037500 
1 0.394141 0.679861 0.023438 0.040278 
