0 0.583984 0.668056 0.035156 0.095833 
2 0.314844 0.657639 0.025000 0.041667 
0 0.318359 0.709722 0.036719 0.102778 
0 0.414062 0.695139 0.032813 0.097222 
1 0.317188 0.734722 0.023438 0.041667 
2 0.416406 0.640278 0.023438 0.040278 
1 0.503125 0.702083 0.021875 0.038889 
0 0.660937 0.652778 0.033594 0.088889 
2 0.584375 0.688889 0.022656 0.037500 
1 0.417578 0.717361 0.021875 0.040278 
2 0.322266 0.695139 0.025000 0.041667 
0 0.500000 0.678472 0.032813 0.098611 
1 0.500000 0.625694 0.021875 0.040278 
2 0.663672 0.674306 0.020313 0.034722 
1 0.410938 0.679167 0.024219 0.040278 
