0 0.597266 0.668750 0.036719 0.094444 
0 0.333203 0.718056 0.036719 0.101389 
0 0.513672 0.681250 0.033594 0.097222 
1 0.516797 0.704861 0.021875 0.038889 
2 0.428516 0.645833 0.022656 0.040278 
1 0.431250 0.722222 0.021875 0.040278 
0 0.427344 0.699306 0.035937 0.101389 
2 0.328516 0.665278 0.023438 0.040278 
0 0.675391 0.652778 0.035937 0.090278 
1 0.333203 0.743056 0.023438 0.040278 
2 0.597656 0.690278 0.021875 0.036111 
2 0.678125 0.674306 0.020313 0.034722 
1 0.512891 0.630556 0.022656 0.040278 
1 0.512109 0.665278 0.023438 0.038889 
1 0.423047 0.683333 0.023438 0.037500 
