0 0.457813 0.713194 0.035937 0.100000 
0 0.630078 0.683333 0.036719 0.095833 
0 0.364844 0.731250 0.036719 0.098611 
2 0.458984 0.661806 0.023438 0.041667 
0 0.543750 0.695833 0.035156 0.100000 
0 0.710156 0.668056 0.035937 0.093056 
1 0.364063 0.755556 0.023438 0.040278 
2 0.630078 0.705556 0.022656 0.037500 
2 0.360156 0.679861 0.024219 0.038889 
1 0.547266 0.720833 0.021875 0.038889 
1 0.461328 0.737500 0.021875 0.038889 
1 0.542969 0.644444 0.024219 0.038889 
2 0.713281 0.690278 0.021875 0.036111 
2 0.367578 0.715972 0.024219 0.038889 
1 0.453906 0.697222 0.022656 0.037500 
