0 0.739844 0.690972 0.035937 0.095833 
0 0.480859 0.715278 0.033594 0.097222 
2 0.385156 0.670139 0.024219 0.040278 
0 0.388672 0.722917 0.035156 0.100000 
0 0.655078 0.700000 0.037500 0.098611 
0 0.566406 0.706250 0.034375 0.100000 
2 0.482031 0.661806 0.023438 0.040278 
1 0.570312 0.729861 0.021875 0.040278 
1 0.483203 0.738194 0.021094 0.038889 
1 0.566016 0.654167 0.024219 0.043056 
1 0.386719 0.747917 0.022656 0.038889 
2 0.654687 0.722917 0.024219 0.038889 
2 0.741797 0.714583 0.021875 0.037500 
2 0.392969 0.708333 0.025000 0.040278 
