0 0.484375 0.686111 0.029687 0.094444 
0 0.392188 0.688194 0.032813 0.097222 
0 0.741797 0.675694 0.033594 0.097222 
0 0.657422 0.678472 0.033594 0.097222 
2 0.389844 0.638194 0.022656 0.038889 
1 0.391016 0.713194 0.021094 0.037500 
0 0.569531 0.679861 0.031250 0.098611 
2 0.485547 0.635417 0.021875 0.040278 
1 0.571484 0.704861 0.021094 0.037500 
1 0.486328 0.709028 0.020313 0.036111 
2 0.657031 0.702083 0.022656 0.038889 
1 0.571094 0.629861 0.021875 0.040278 
2 0.743359 0.698611 0.021875 0.037500 
2 0.395703 0.673611 0.022656 0.038889 
