0 0.412109 0.684722 0.032031 0.094444 
0 0.501563 0.688889 0.031250 0.095833 
0 0.677734 0.697222 0.035156 0.098611 
2 0.504687 0.637500 0.022656 0.038889 
1 0.408594 0.707639 0.021094 0.037500 
0 0.588672 0.690972 0.032031 0.095833 
0 0.763281 0.700694 0.034375 0.097222 
2 0.409766 0.633333 0.021875 0.038889 
1 0.590234 0.639583 0.023438 0.040278 
1 0.503516 0.711806 0.021094 0.036111 
1 0.589453 0.715972 0.021094 0.037500 
2 0.764453 0.724306 0.023438 0.040278 
2 0.676562 0.720139 0.023438 0.038889 
2 0.415234 0.669444 0.022656 0.038889 
1 0.500000 0.673611 0.022656 0.036111 
1 0.680469 0.684722 0.025781 0.043056 
