0 0.648828 0.688889 0.033594 0.094444 
0 0.480469 0.695833 0.030469 0.095833 
0 0.729297 0.684028 0.032813 0.091667 
2 0.387891 0.650000 0.023438 0.040278 
0 0.564063 0.691667 0.030469 0.093056 
0 0.389844 0.702778 0.032031 0.097222 
1 0.563672 0.640278 0.022656 0.040278 
1 0.482422 0.718056 0.020313 0.037500 
1 0.389062 0.724306 0.021875 0.037500 
2 0.481641 0.645139 0.021875 0.038889 
2 0.732031 0.705556 0.021094 0.036111 
1 0.566016 0.714583 0.021094 0.037500 
2 0.648047 0.710417 0.021875 0.037500 
1 0.650781 0.673611 0.025000 0.044444 
