0 0.465234 0.673611 0.031250 0.094444 
0 0.376563 0.682639 0.032813 0.097222 
0 0.631250 0.662500 0.032031 0.093056 
0 0.548438 0.667361 0.031250 0.094444 
1 0.375000 0.706944 0.021875 0.038889 
0 0.710547 0.654861 0.031250 0.088889 
2 0.467578 0.624306 0.021875 0.038889 
2 0.630469 0.683333 0.021094 0.036111 
1 0.550781 0.690972 0.020313 0.034722 
1 0.467969 0.696528 0.020313 0.037500 
2 0.374609 0.632639 0.022656 0.037500 
1 0.548438 0.618056 0.023438 0.041667 
2 0.380078 0.668750 0.023438 0.038889 
