0 0.459766 0.644444 0.032031 0.093056 
0 0.623047 0.625000 0.032813 0.090278 
0 0.372266 0.654167 0.032813 0.094444 
0 0.541406 0.633333 0.030469 0.091667 
2 0.460938 0.595139 0.022656 0.038889 
0 0.700781 0.615972 0.032031 0.088889 
1 0.371875 0.678472 0.021875 0.037500 
1 0.463672 0.667361 0.020313 0.034722 
2 0.703125 0.636806 0.020313 0.036111 
2 0.368750 0.605556 0.023438 0.038889 
1 0.541406 0.585417 0.021094 0.036111 
2 0.622656 0.646528 0.021094 0.036111 
1 0.544141 0.656250 0.019531 0.034722 
