0 0.463281 0.625000 0.031250 0.093056 
0 0.625391 0.604167 0.032813 0.090278 
0 0.376172 0.638889 0.032031 0.093056 
0 0.544141 0.612500 0.029687 0.090278 
1 0.375000 0.661806 0.021094 0.037500 
0 0.702734 0.592361 0.032813 0.087500 
2 0.371875 0.590972 0.021875 0.037500 
1 0.546875 0.636111 0.019531 0.036111 
2 0.704688 0.612500 0.020313 0.034722 
1 0.466797 0.647917 0.020313 0.037500 
2 0.464062 0.576389 0.021094 0.037500 
1 0.544531 0.565972 0.021094 0.037500 
2 0.379297 0.625000 0.022656 0.037500 
2 0.625000 0.624306 0.020313 0.034722 
1 0.458984 0.612500 0.021094 0.036111 
