0 0.496094 0.636806 0.033594 0.091667 
0 0.410938 0.650000 0.034375 0.094444 
0 0.661328 0.611806 0.036719 0.093056 
0 0.577734 0.623611 0.034375 0.094444 
0 0.742188 0.598611 0.038281 0.091667 
1 0.499609 0.659722 0.019531 0.034722 
1 0.576172 0.573611 0.025000 0.041667 
2 0.496875 0.587500 0.021875 0.037500 
2 0.406641 0.601389 0.023438 0.036111 
2 0.661328 0.633333 0.021875 0.036111 
1 0.581250 0.646528 0.020313 0.034722 
2 0.414453 0.638194 0.021875 0.036111 
2 0.745703 0.620833 0.021094 0.036111 
1 0.410547 0.673611 0.020313 0.034722 
1 0.492188 0.621528 0.021875 0.036111 
1 0.663281 0.597222 0.025781 0.041667 
