0 0.453906 0.666667 0.032813 0.091667 
0 0.709766 0.631250 0.036719 0.094444 
0 0.796094 0.618750 0.037500 0.094444 
0 0.538672 0.653472 0.032813 0.094444 
1 0.453906 0.688889 0.020313 0.036111 
0 0.622266 0.643056 0.033594 0.091667 
1 0.625391 0.665278 0.021875 0.037500 
2 0.708984 0.654861 0.022656 0.037500 
2 0.539453 0.605556 0.021875 0.038889 
2 0.450391 0.618056 0.021875 0.037500 
2 0.799219 0.640972 0.022656 0.037500 
1 0.621484 0.593750 0.022656 0.038889 
1 0.542578 0.674306 0.020313 0.037500 
