0 0.518750 0.663889 0.031250 0.088889 
0 0.435547 0.673611 0.030469 0.088889 
0 0.682813 0.643750 0.034375 0.091667 
0 0.764844 0.632639 0.035156 0.088889 
2 0.519141 0.615972 0.021875 0.037500 
0 0.599219 0.651389 0.032031 0.091667 
2 0.682813 0.664583 0.021875 0.036111 
1 0.435547 0.696528 0.020313 0.034722 
2 0.766406 0.652778 0.021875 0.034722 
1 0.521875 0.684722 0.019531 0.034722 
1 0.601953 0.673611 0.020313 0.034722 
2 0.432422 0.628472 0.020313 0.034722 
1 0.598828 0.603472 0.022656 0.037500 
1 0.516406 0.648611 0.021094 0.033333 
2 0.437500 0.659722 0.021094 0.036111 
