0 0.672266 0.643750 0.033594 0.088889 
0 0.510547 0.661806 0.031250 0.088889 
0 0.428125 0.672222 0.030469 0.088889 
0 0.589844 0.650694 0.030469 0.088889 
0 0.751953 0.634028 0.035156 0.088889 
1 0.514062 0.682639 0.019531 0.036111 
2 0.671484 0.664583 0.021094 0.034722 
2 0.511719 0.615972 0.021875 0.037500 
1 0.427734 0.694444 0.019531 0.034722 
2 0.753906 0.654861 0.021094 0.034722 
2 0.424609 0.625694 0.021094 0.034722 
1 0.592187 0.672222 0.019531 0.034722 
1 0.589453 0.603472 0.021875 0.036111 
2 0.429688 0.657639 0.021094 0.036111 
