0 0.418359 0.664583 0.030469 0.088889 
0 0.500000 0.652083 0.030469 0.088889 
0 0.578125 0.641667 0.029687 0.086111 
0 0.736328 0.620139 0.032031 0.086111 
0 0.659375 0.631250 0.032031 0.088889 
2 0.658594 0.652778 0.020313 0.033333 
2 0.501172 0.606250 0.020313 0.034722 
2 0.414844 0.618750 0.021094 0.036111 
1 0.578906 0.595139 0.020313 0.036111 
1 0.503516 0.672222 0.019531 0.034722 
1 0.417969 0.686111 0.019531 0.034722 
2 0.738672 0.640278 0.019531 0.033333 
1 0.580859 0.662500 0.019531 0.033333 
2 0.420703 0.651389 0.020313 0.034722 
1 0.660156 0.618056 0.023438 0.038889 
