0 0.492969 0.640972 0.029687 0.087500 
0 0.828516 0.596528 0.037500 0.091667 
0 0.573438 0.629861 0.031250 0.087500 
0 0.741797 0.608333 0.036719 0.093056 
0 0.654297 0.619444 0.032813 0.088889 
1 0.492578 0.663194 0.019531 0.034722 
2 0.832031 0.617361 0.022656 0.037500 
1 0.657031 0.640278 0.020313 0.034722 
2 0.574219 0.584028 0.020313 0.034722 
1 0.653906 0.572222 0.022656 0.038889 
2 0.740234 0.631250 0.022656 0.036111 
2 0.489063 0.598611 0.021094 0.034722 
1 0.577344 0.650694 0.019531 0.033333 
2 0.494922 0.627083 0.019531 0.033333 
