0 0.732812 0.615278 0.035937 0.091667 
0 0.567187 0.639583 0.031250 0.086111 
0 0.487109 0.650694 0.030469 0.086111 
2 0.732812 0.637500 0.021875 0.036111 
0 0.819531 0.602083 0.036719 0.088889 
0 0.646875 0.626389 0.032813 0.090278 
2 0.567187 0.595139 0.021875 0.036111 
1 0.570703 0.660417 0.020313 0.034722 
2 0.821484 0.624306 0.021094 0.034722 
2 0.483594 0.607639 0.020313 0.033333 
1 0.647656 0.580556 0.022656 0.038889 
1 0.649609 0.648611 0.020313 0.033333 
1 0.565234 0.625694 0.021094 0.033333 
1 0.486719 0.673611 0.019531 0.033333 
2 0.488281 0.635417 0.021094 0.037500 
1 0.734766 0.598611 0.024219 0.037500 
