0 0.725000 0.629167 0.035156 0.091667 
0 0.480078 0.661806 0.029687 0.087500 
0 0.560547 0.650694 0.031250 0.088889 
0 0.639844 0.639583 0.032031 0.087500 
0 0.810156 0.616667 0.035937 0.093056 
1 0.480078 0.684028 0.020313 0.034722 
2 0.812500 0.638194 0.021875 0.036111 
1 0.639062 0.593750 0.022656 0.037500 
1 0.642188 0.661111 0.020313 0.034722 
2 0.560937 0.603472 0.021094 0.034722 
2 0.477734 0.617361 0.021094 0.034722 
2 0.482422 0.647222 0.020313 0.033333 
1 0.563672 0.671528 0.019531 0.034722 
2 0.724609 0.650694 0.021094 0.036111 
1 0.726562 0.613194 0.024219 0.040278 
1 0.638281 0.625000 0.022656 0.034722 
