0 0.471094 0.670139 0.030469 0.086111 
0 0.796484 0.628472 0.034375 0.088889 
0 0.551562 0.659028 0.032031 0.087500 
0 0.713281 0.639583 0.033594 0.090278 
0 0.629687 0.647917 0.032031 0.091667 
1 0.553906 0.679861 0.019531 0.034722 
2 0.551562 0.615972 0.021094 0.036111 
2 0.713281 0.661806 0.021875 0.034722 
1 0.471875 0.692361 0.019531 0.033333 
1 0.629687 0.603472 0.021875 0.037500 
1 0.632031 0.670139 0.019531 0.034722 
2 0.798828 0.648611 0.021094 0.034722 
2 0.468359 0.626389 0.019531 0.033333 
