0 0.541016 0.666667 0.030469 0.087500 
0 0.701172 0.648611 0.032813 0.091667 
0 0.462109 0.674306 0.029687 0.087500 
0 0.618750 0.656250 0.030469 0.088889 
0 0.782813 0.638889 0.032813 0.088889 
2 0.541797 0.620833 0.021094 0.036111 
1 0.621484 0.679167 0.018750 0.034722 
2 0.785156 0.660417 0.021094 0.034722 
2 0.700781 0.670139 0.020313 0.033333 
2 0.458984 0.633333 0.019531 0.033333 
1 0.618359 0.613889 0.021094 0.037500 
1 0.461328 0.697222 0.019531 0.034722 
1 0.544141 0.688194 0.017969 0.033333 
2 0.462891 0.657639 0.021094 0.037500 
