0 0.686328 0.662500 0.032813 0.088889 
0 0.449609 0.686806 0.028906 0.086111 
0 0.766016 0.654167 0.032813 0.087500 
0 0.605859 0.669444 0.030469 0.088889 
2 0.528516 0.634722 0.021094 0.037500 
0 0.528125 0.678472 0.029687 0.086111 
2 0.685547 0.683333 0.020313 0.034722 
1 0.448437 0.708333 0.018750 0.034722 
1 0.530469 0.700000 0.019531 0.033333 
1 0.607031 0.690972 0.019531 0.033333 
2 0.768359 0.674306 0.020313 0.033333 
2 0.447266 0.643056 0.020313 0.034722 
1 0.605469 0.626389 0.021094 0.038889 
2 0.451172 0.672917 0.020313 0.036111 
