0 0.447266 0.682639 0.028906 0.086111 
0 0.683594 0.665278 0.032031 0.087500 
1 0.446484 0.704861 0.018750 0.033333 
0 0.603516 0.670833 0.029687 0.086111 
0 0.763672 0.659028 0.032031 0.086111 
2 0.683203 0.685417 0.020313 0.034722 
2 0.444922 0.640972 0.020313 0.033333 
0 0.525781 0.676389 0.028125 0.084722 
1 0.528125 0.695833 0.019531 0.034722 
2 0.765234 0.678472 0.020313 0.034722 
1 0.604688 0.691667 0.019531 0.034722 
2 0.526953 0.632639 0.019531 0.034722 
2 0.449609 0.670139 0.019531 0.033333 
1 0.603516 0.625694 0.021094 0.037500 
