0 0.683594 0.659722 0.031250 0.088889 
0 0.603125 0.664583 0.028125 0.086111 
0 0.525781 0.668056 0.027344 0.084722 
0 0.447266 0.670833 0.028125 0.084722 
0 0.763672 0.655556 0.032031 0.086111 
2 0.683203 0.680556 0.020313 0.034722 
2 0.527344 0.623611 0.019531 0.034722 
2 0.765625 0.675000 0.020313 0.033333 
2 0.445312 0.632639 0.018750 0.033333 
1 0.446875 0.695139 0.018750 0.031944 
1 0.602734 0.619444 0.021094 0.037500 
1 0.604688 0.684028 0.018750 0.031944 
1 0.528125 0.690278 0.018750 0.031944 
