0 0.718750 0.637500 0.033594 0.090278 
0 0.555859 0.650694 0.029687 0.087500 
0 0.633984 0.643750 0.031250 0.084722 
0 0.477344 0.657639 0.029687 0.084722 
0 0.803516 0.629167 0.034375 0.091667 
2 0.717969 0.659722 0.021875 0.034722 
2 0.806250 0.651389 0.021094 0.034722 
2 0.556641 0.604167 0.019531 0.033333 
1 0.476172 0.677778 0.018750 0.033333 
1 0.557813 0.670833 0.019531 0.033333 
1 0.635547 0.664583 0.020313 0.033333 
2 0.475000 0.615972 0.020313 0.033333 
1 0.633984 0.597222 0.021875 0.036111 
2 0.479297 0.647917 0.021094 0.038889 
