0 0.594531 0.656250 0.032031 0.087500 
0 0.514844 0.663889 0.031250 0.086111 
0 0.766406 0.638889 0.037500 0.094444 
0 0.857422 0.630556 0.040625 0.094444 
1 0.514844 0.685417 0.019531 0.033333 
0 0.675781 0.647222 0.034375 0.093056 
2 0.766406 0.662500 0.023438 0.036111 
2 0.594531 0.611806 0.021875 0.037500 
2 0.512109 0.622917 0.021875 0.034722 
1 0.675000 0.601389 0.024219 0.040278 
1 0.598437 0.678472 0.018750 0.033333 
1 0.678516 0.670139 0.021094 0.034722 
2 0.861328 0.652083 0.024219 0.037500 
