0 0.492969 0.706944 0.031250 0.087500 
0 0.571094 0.696528 0.032031 0.090278 
0 0.828516 0.669444 0.038281 0.093056 
0 0.739844 0.678472 0.037500 0.093056 
0 0.651953 0.690278 0.035156 0.087500 
2 0.739062 0.702778 0.022656 0.036111 
2 0.573047 0.651389 0.021875 0.036111 
1 0.650391 0.642361 0.023438 0.038889 
1 0.492578 0.729167 0.018750 0.033333 
1 0.654687 0.711806 0.021094 0.033333 
2 0.489844 0.667361 0.021094 0.034722 
2 0.832031 0.689583 0.021875 0.036111 
2 0.495312 0.694444 0.018750 0.030556 
