0 0.709766 0.709722 0.033594 0.091667 
0 0.546094 0.720833 0.029687 0.087500 
0 0.466406 0.723611 0.029687 0.087500 
0 0.794922 0.702778 0.036719 0.091667 
0 0.625000 0.714583 0.032031 0.091667 
1 0.466016 0.747917 0.018750 0.033333 
2 0.710547 0.731250 0.021875 0.036111 
2 0.798438 0.725000 0.021094 0.036111 
2 0.465625 0.686806 0.021094 0.034722 
2 0.547266 0.676389 0.020313 0.034722 
1 0.627344 0.736806 0.020313 0.036111 
1 0.624219 0.668056 0.022656 0.037500 
1 0.548828 0.742361 0.019531 0.033333 
