0 0.530859 0.737500 0.028906 0.087500 
0 0.691406 0.727778 0.032813 0.090278 
0 0.451953 0.740278 0.028125 0.088889 
0 0.607812 0.733333 0.030469 0.084722 
2 0.691797 0.749306 0.021875 0.036111 
0 0.774609 0.723611 0.033594 0.088889 
2 0.531641 0.690278 0.020313 0.034722 
1 0.532422 0.758333 0.018750 0.033333 
1 0.610156 0.753472 0.020313 0.034722 
2 0.777734 0.744444 0.021094 0.034722 
1 0.608594 0.686111 0.021094 0.037500 
1 0.450781 0.763194 0.018750 0.031944 
2 0.452344 0.722222 0.021094 0.041667 
