0 0.520703 0.728472 0.028125 0.087500 
0 0.441797 0.733333 0.028906 0.087500 
0 0.680469 0.717361 0.032813 0.090278 
0 0.760938 0.713194 0.034375 0.087500 
0 0.596875 0.722222 0.030469 0.088889 
1 0.441406 0.755556 0.018750 0.033333 
2 0.521094 0.684028 0.020313 0.036111 
2 0.679297 0.738889 0.020313 0.034722 
1 0.522266 0.750000 0.018750 0.033333 
2 0.440625 0.692361 0.020313 0.033333 
2 0.764453 0.734722 0.020313 0.034722 
1 0.600000 0.744444 0.019531 0.034722 
1 0.596484 0.679861 0.020313 0.034722 
1 0.681641 0.704167 0.022656 0.038889 
