0 0.426953 0.713194 0.029687 0.086111 
0 0.659766 0.683333 0.033594 0.088889 
0 0.578906 0.692361 0.032031 0.088889 
0 0.504687 0.704167 0.028906 0.086111 
0 0.738672 0.673611 0.034375 0.086111 
2 0.659375 0.704861 0.021094 0.034722 
2 0.504687 0.660417 0.020313 0.033333 
1 0.507031 0.725000 0.017969 0.033333 
1 0.426172 0.736111 0.018750 0.033333 
1 0.582031 0.714583 0.019531 0.034722 
2 0.741016 0.693750 0.020313 0.031944 
1 0.578906 0.648611 0.021875 0.037500 
2 0.424609 0.675000 0.018750 0.031944 
