0 0.505078 0.687500 0.030469 0.086111 
0 0.659375 0.659722 0.033594 0.087500 
0 0.428516 0.698611 0.030469 0.088889 
0 0.580078 0.673611 0.032031 0.086111 
0 0.737500 0.647222 0.035156 0.086111 
2 0.659766 0.680556 0.021094 0.034722 
1 0.582422 0.693056 0.018750 0.033333 
1 0.428125 0.720833 0.019531 0.034722 
2 0.505469 0.642361 0.020313 0.034722 
1 0.507812 0.708333 0.018750 0.031944 
2 0.426563 0.661806 0.021094 0.034722 
2 0.740625 0.668056 0.020313 0.031944 
1 0.579297 0.631944 0.021094 0.036111 
