0 0.666797 0.631250 0.035156 0.088889 
0 0.744531 0.619444 0.035937 0.088889 
0 0.435547 0.669444 0.032813 0.088889 
0 0.510938 0.656944 0.032031 0.087500 
0 0.585938 0.645833 0.032031 0.084722 
1 0.589063 0.665972 0.019531 0.031944 
1 0.434766 0.692361 0.019531 0.033333 
2 0.510547 0.615972 0.021094 0.034722 
2 0.666406 0.652778 0.021094 0.033333 
2 0.748828 0.638194 0.019531 0.034722 
1 0.514453 0.678472 0.019531 0.033333 
2 0.431250 0.631944 0.020313 0.034722 
1 0.583984 0.600000 0.023438 0.037500 
