0 0.680859 0.616667 0.035156 0.088889 
0 0.449219 0.659028 0.031250 0.086111 
0 0.525000 0.645139 0.031250 0.086111 
0 0.761328 0.601389 0.037500 0.086111 
2 0.682031 0.638194 0.021094 0.034722 
1 0.448437 0.680556 0.018750 0.033333 
2 0.446875 0.620139 0.020313 0.033333 
2 0.524219 0.601389 0.021094 0.031944 
1 0.603125 0.652083 0.018750 0.031944 
0 0.599609 0.631944 0.032813 0.084722 
2 0.764453 0.622917 0.021094 0.033333 
1 0.528125 0.665972 0.020313 0.031944 
1 0.597656 0.590972 0.020313 0.036111 
