0 0.718359 0.618750 0.036719 0.090278 
0 0.803125 0.604167 0.042969 0.091667 
0 0.556250 0.645833 0.031250 0.086111 
0 0.479687 0.657639 0.032031 0.087500 
0 0.632422 0.633333 0.033594 0.088889 
1 0.558984 0.667361 0.019531 0.031944 
1 0.480078 0.679861 0.019531 0.033333 
2 0.476562 0.620139 0.021094 0.034722 
2 0.555469 0.601389 0.020313 0.033333 
2 0.808203 0.626389 0.021875 0.036111 
2 0.719141 0.640972 0.022656 0.036111 
1 0.636328 0.654861 0.019531 0.034722 
1 0.632031 0.589583 0.020313 0.036111 
1 0.630078 0.595833 0.021875 0.037500 
