0 0.555078 0.645139 0.028125 0.083333 
0 0.478516 0.647917 0.028906 0.086111 
0 0.803906 0.628472 0.034375 0.091667 
0 0.716797 0.634722 0.032031 0.090278 
0 0.630859 0.638889 0.028906 0.084722 
2 0.555859 0.600694 0.019531 0.033333 
2 0.807031 0.650000 0.021094 0.036111 
2 0.716016 0.656944 0.021094 0.034722 
1 0.476953 0.669444 0.018750 0.031944 
1 0.632422 0.594444 0.019531 0.036111 
1 0.633594 0.660417 0.018750 0.031944 
1 0.066406 0.929167 0.056250 0.095833 
2 0.476953 0.608333 0.018750 0.031944 
1 0.556641 0.665972 0.017969 0.030556 
