0 0.567969 0.602778 0.030469 0.084722 
0 0.643750 0.595833 0.030469 0.084722 
0 0.491797 0.610417 0.030469 0.084722 
0 0.819531 0.580556 0.037500 0.091667 
0 0.731641 0.588889 0.033594 0.090278 
1 0.646484 0.617361 0.018750 0.033333 
2 0.567969 0.560417 0.020313 0.033333 
1 0.490625 0.632639 0.018750 0.031944 
2 0.731250 0.610417 0.021094 0.034722 
2 0.822266 0.600694 0.021875 0.036111 
1 0.642969 0.552083 0.021875 0.036111 
2 0.488672 0.575694 0.020313 0.033333 
1 0.569531 0.623611 0.017969 0.030556 
1 0.732812 0.574306 0.022656 0.038889 
2 0.494531 0.600694 0.019531 0.030556 
