0 0.517969 0.577778 0.032031 0.087500 
0 0.673828 0.558333 0.032813 0.088889 
0 0.594922 0.569444 0.031250 0.084722 
0 0.858203 0.534028 0.039844 0.095833 
0 0.764844 0.545139 0.035937 0.094444 
2 0.763281 0.570139 0.021875 0.036111 
2 0.594141 0.527778 0.021094 0.036111 
1 0.596875 0.591667 0.017969 0.031944 
1 0.518750 0.601389 0.019531 0.031944 
2 0.862109 0.555556 0.023438 0.037500 
2 0.516016 0.540278 0.019531 0.031944 
1 0.676953 0.580556 0.019531 0.033333 
1 0.673828 0.512500 0.022656 0.037500 
