0 0.598047 0.602778 0.029687 0.081944 
0 0.521484 0.611111 0.029687 0.083333 
0 0.767969 0.579167 0.036719 0.094444 
0 0.677344 0.590972 0.032813 0.087500 
0 0.863281 0.565972 0.039062 0.094444 
1 0.679688 0.612500 0.020313 0.034722 
2 0.767188 0.602083 0.022656 0.036111 
2 0.518750 0.571528 0.020313 0.034722 
2 0.866797 0.588194 0.023438 0.038889 
2 0.597656 0.556250 0.021094 0.033333 
1 0.520703 0.631250 0.018750 0.033333 
1 0.599219 0.622917 0.019531 0.030556 
1 0.676172 0.547917 0.021875 0.036111 
