0 0.512500 0.601389 0.029687 0.083333 
0 0.666406 0.572917 0.032813 0.090278 
0 0.850781 0.541667 0.040625 0.097222 
0 0.588672 0.586806 0.029687 0.084722 
0 0.756250 0.556944 0.038281 0.097222 
2 0.855078 0.563889 0.024219 0.038889 
1 0.669922 0.596528 0.019531 0.034722 
2 0.755469 0.581250 0.022656 0.036111 
1 0.591016 0.609722 0.018750 0.030556 
1 0.664453 0.529167 0.021875 0.037500 
1 0.512500 0.622917 0.017969 0.031944 
2 0.588281 0.544444 0.019531 0.034722 
2 0.509375 0.561806 0.020313 0.029167 
2 0.512891 0.588194 0.021875 0.038889 
