0 0.744141 0.625694 0.032813 0.093056 
0 0.655078 0.626389 0.029687 0.090278 
0 0.576953 0.629167 0.028125 0.083333 
0 0.838281 0.622222 0.035156 0.094444 
0 0.500781 0.630556 0.027344 0.083333 
2 0.742578 0.647917 0.021875 0.037500 
2 0.578125 0.587500 0.019531 0.034722 
1 0.657031 0.648611 0.019531 0.034722 
2 0.841016 0.644444 0.022656 0.037500 
1 0.655469 0.583333 0.020313 0.037500 
1 0.578125 0.649306 0.018750 0.033333 
2 0.498437 0.593056 0.019531 0.033333 
2 0.499609 0.597917 0.019531 0.036111 
1 0.500391 0.652083 0.017969 0.031944 
1 0.746094 0.612500 0.022656 0.040278 
