0 0.833594 0.626389 0.032813 0.094444 
0 0.739062 0.622917 0.031250 0.091667 
0 0.497266 0.611806 0.025781 0.081944 
0 0.573047 0.614583 0.027344 0.083333 
0 0.650781 0.617361 0.028906 0.087500 
1 0.652344 0.638889 0.020313 0.034722 
2 0.574609 0.571528 0.019531 0.034722 
2 0.495703 0.570833 0.017969 0.033333 
2 0.835547 0.648611 0.022656 0.038889 
1 0.573438 0.634722 0.017969 0.031944 
2 0.737891 0.643750 0.021875 0.037500 
1 0.651563 0.573611 0.021094 0.036111 
1 0.496484 0.631250 0.017969 0.030556 
