0 0.826562 0.599306 0.033594 0.094444 
0 0.733594 0.595139 0.032813 0.094444 
0 0.492188 0.579167 0.026562 0.083333 
0 0.567969 0.584028 0.027344 0.083333 
0 0.644531 0.588194 0.029687 0.087500 
1 0.491016 0.601389 0.017969 0.031944 
2 0.731641 0.617361 0.021875 0.036111 
2 0.828125 0.622222 0.021875 0.036111 
2 0.569531 0.543056 0.019531 0.033333 
1 0.646094 0.611111 0.019531 0.033333 
1 0.568359 0.604861 0.017969 0.031944 
2 0.491406 0.542361 0.017188 0.033333 
1 0.647266 0.547222 0.019531 0.034722 
1 0.737500 0.580556 0.021875 0.041667 
