0 0.739453 0.582639 0.033594 0.093056 
0 0.572266 0.577083 0.028125 0.081944 
0 0.833984 0.586806 0.034375 0.095833 
0 0.496484 0.573611 0.026562 0.079167 
0 0.650000 0.579167 0.029687 0.087500 
2 0.573828 0.531944 0.019531 0.034722 
1 0.572656 0.595833 0.017969 0.031944 
2 0.496094 0.530556 0.018750 0.033333 
1 0.495312 0.591667 0.017969 0.031944 
1 0.651563 0.600000 0.020313 0.033333 
2 0.737109 0.604861 0.022656 0.037500 
2 0.835547 0.609028 0.022656 0.037500 
1 0.651172 0.534028 0.021875 0.037500 
1 0.741016 0.567361 0.024219 0.040278 
