0 0.878906 0.595139 0.037500 0.100000 
0 0.525000 0.579167 0.028906 0.081944 
2 0.603906 0.538889 0.021875 0.036111 
0 0.603125 0.581250 0.029687 0.084722 
0 0.683203 0.586111 0.033594 0.090278 
0 0.777344 0.590278 0.036719 0.097222 
2 0.882031 0.618056 0.025000 0.040278 
2 0.776172 0.613889 0.023438 0.038889 
1 0.603516 0.602778 0.018750 0.033333 
2 0.523047 0.540278 0.019531 0.033333 
1 0.684766 0.540278 0.022656 0.037500 
1 0.685156 0.608333 0.021094 0.034722 
1 0.524609 0.598611 0.019531 0.031944 
1 0.779687 0.574306 0.025781 0.043056 
