0 0.617188 0.599306 0.028125 0.083333 
0 0.901953 0.613194 0.036719 0.102778 
0 0.699219 0.602083 0.031250 0.091667 
0 0.795703 0.607639 0.035156 0.098611 
0 0.539062 0.593056 0.026562 0.080556 
2 0.903906 0.637500 0.025000 0.043056 
2 0.793359 0.631944 0.024219 0.038889 
2 0.618359 0.553472 0.020313 0.034722 
1 0.537891 0.613889 0.018750 0.033333 
1 0.700781 0.624306 0.021094 0.036111 
2 0.539453 0.554167 0.018750 0.031944 
1 0.617578 0.619444 0.018750 0.031944 
1 0.701172 0.553472 0.022656 0.036111 
