0 0.691797 0.624306 0.031250 0.093056 
0 0.891797 0.638889 0.038281 0.104167 
0 0.610156 0.620139 0.028125 0.084722 
0 0.787891 0.631250 0.034375 0.097222 
0 0.533594 0.615278 0.026562 0.080556 
1 0.610547 0.639583 0.018750 0.033333 
2 0.533594 0.573611 0.019531 0.033333 
2 0.893750 0.661806 0.025000 0.041667 
1 0.533203 0.634028 0.018750 0.031944 
2 0.612109 0.574306 0.020313 0.036111 
1 0.693359 0.646528 0.020313 0.036111 
2 0.785547 0.654861 0.023438 0.038889 
1 0.693359 0.577778 0.021875 0.037500 
1 0.789844 0.616667 0.025000 0.041667 
