2 0.607812 0.593750 0.020313 0.034722 
0 0.605859 0.637500 0.028125 0.087500 
0 0.782031 0.652083 0.034375 0.098611 
0 0.529687 0.630556 0.027344 0.083333 
0 0.686719 0.645833 0.031250 0.091667 
0 0.886328 0.660417 0.037500 0.102778 
1 0.606641 0.659722 0.018750 0.033333 
2 0.888672 0.684028 0.024219 0.041667 
2 0.529297 0.593056 0.018750 0.033333 
2 0.779687 0.676389 0.023438 0.038889 
1 0.528125 0.652083 0.017969 0.031944 
1 0.688281 0.668056 0.020313 0.034722 
1 0.689063 0.597222 0.021875 0.036111 
1 0.784766 0.638194 0.025000 0.043056 
