0 0.892188 0.683333 0.037500 0.102778 
0 0.609375 0.659028 0.027344 0.083333 
0 0.691406 0.665278 0.031250 0.091667 
0 0.787109 0.674306 0.035156 0.098611 
0 0.533984 0.650694 0.026562 0.081944 
2 0.894922 0.706944 0.025781 0.043056 
1 0.610547 0.678472 0.017969 0.033333 
1 0.692969 0.619444 0.022656 0.037500 
2 0.785156 0.697222 0.023438 0.038889 
1 0.533203 0.670833 0.017969 0.030556 
1 0.692578 0.686806 0.020313 0.034722 
2 0.612109 0.615278 0.019531 0.033333 
2 0.533594 0.615972 0.019531 0.033333 
2 0.533594 0.610417 0.017969 0.033333 
1 0.789062 0.658333 0.025000 0.041667 
