0 0.614062 0.669444 0.028906 0.086111 
0 0.898438 0.692361 0.038281 0.104167 
0 0.792578 0.684028 0.035156 0.100000 
0 0.695703 0.675000 0.031250 0.090278 
0 0.537891 0.663194 0.026562 0.080556 
2 0.790625 0.706944 0.023438 0.038889 
1 0.536328 0.681944 0.018750 0.031944 
2 0.616797 0.625000 0.019531 0.033333 
2 0.900781 0.716667 0.026562 0.044444 
1 0.697266 0.697222 0.021094 0.036111 
1 0.614844 0.689583 0.018750 0.033333 
1 0.697266 0.629861 0.021094 0.036111 
2 0.537109 0.622222 0.018750 0.031944 
