0 0.567969 0.637500 0.025781 0.081944 
0 0.733984 0.647222 0.032031 0.095833 
0 0.829688 0.653472 0.035156 0.097222 
0 0.644141 0.640972 0.029687 0.087500 
2 0.569531 0.595139 0.017969 0.031944 
0 0.494922 0.630556 0.025781 0.081944 
2 0.831641 0.675694 0.023438 0.038889 
2 0.493750 0.593750 0.017969 0.033333 
1 0.567969 0.656944 0.017969 0.031944 
2 0.733203 0.670139 0.021875 0.037500 
1 0.646094 0.661806 0.019531 0.034722 
1 0.494531 0.652083 0.017969 0.030556 
1 0.645312 0.595139 0.021094 0.034722 
