0 0.682422 0.648611 0.031250 0.091667 
0 0.598047 0.640278 0.029687 0.086111 
0 0.771484 0.656250 0.034375 0.093056 
0 0.452344 0.629167 0.028125 0.080556 
0 0.524219 0.636111 0.026562 0.083333 
1 0.599219 0.661111 0.019531 0.034722 
2 0.452344 0.593750 0.018750 0.031944 
2 0.681250 0.670139 0.019531 0.034722 
2 0.526953 0.595833 0.017969 0.031944 
1 0.524219 0.656250 0.017188 0.031944 
2 0.773047 0.676389 0.021875 0.037500 
1 0.599609 0.597222 0.021094 0.036111 
1 0.451172 0.650694 0.017969 0.029167 
