0 0.645703 0.642361 0.031250 0.088889 
0 0.491797 0.634028 0.027344 0.080556 
0 0.729297 0.646528 0.032031 0.090278 
0 0.564453 0.637500 0.029687 0.083333 
0 0.419141 0.629861 0.028906 0.084722 
2 0.418359 0.593750 0.020313 0.033333 
2 0.494141 0.595833 0.020313 0.033333 
1 0.566016 0.657639 0.020313 0.034722 
1 0.491406 0.654167 0.018750 0.031944 
1 0.566016 0.597917 0.022656 0.037500 
2 0.643359 0.662500 0.020313 0.034722 
1 0.417969 0.651389 0.018750 0.031944 
2 0.731641 0.666667 0.019531 0.034722 
1 0.648438 0.626389 0.023438 0.040278 
