0 0.692578 0.629861 0.029687 0.086111 
0 0.612109 0.630556 0.028125 0.087500 
0 0.387500 0.629861 0.027344 0.083333 
0 0.460547 0.629861 0.026562 0.081944 
0 0.532031 0.628472 0.028906 0.086111 
2 0.694141 0.650694 0.019531 0.034722 
1 0.534375 0.588889 0.018750 0.034722 
2 0.611328 0.652083 0.019531 0.034722 
1 0.614844 0.615278 0.019531 0.036111 
1 0.533594 0.650000 0.018750 0.031944 
2 0.387500 0.597917 0.019531 0.036111 
1 0.461719 0.651389 0.017969 0.030556 
2 0.462109 0.591667 0.017969 0.029167 
1 0.386719 0.652083 0.017969 0.031944 
