0 0.658203 0.610417 0.029687 0.081944 
0 0.580859 0.613889 0.028125 0.084722 
0 0.358203 0.622917 0.029687 0.084722 
0 0.431641 0.620139 0.027344 0.080556 
0 0.502734 0.616667 0.028906 0.086111 
1 0.357422 0.644444 0.018750 0.030556 
2 0.660547 0.629167 0.019531 0.033333 
1 0.504297 0.573611 0.021094 0.037500 
1 0.432422 0.640278 0.017188 0.030556 
2 0.432422 0.580556 0.018750 0.031944 
2 0.580078 0.633333 0.018750 0.033333 
1 0.582422 0.596528 0.019531 0.033333 
2 0.355859 0.587500 0.018750 0.031944 
1 0.503906 0.636111 0.020313 0.034722 
