0 0.439844 0.638889 0.025781 0.080556 
0 0.590625 0.638889 0.027344 0.086111 
0 0.366406 0.638889 0.026562 0.081944 
0 0.668750 0.638194 0.029687 0.084722 
2 0.671094 0.657639 0.018750 0.033333 
1 0.366016 0.658333 0.017969 0.031944 
2 0.366797 0.599306 0.018750 0.033333 
0 0.511719 0.638889 0.028125 0.081944 
1 0.512500 0.658333 0.019531 0.033333 
2 0.589063 0.658333 0.018750 0.033333 
1 0.440625 0.657639 0.017969 0.031944 
2 0.441797 0.596528 0.018750 0.033333 
1 0.512500 0.595139 0.020313 0.036111 
1 0.591797 0.622917 0.020313 0.036111 
