0 0.619531 0.665972 0.029687 0.088889 
0 0.703516 0.670139 0.031250 0.090278 
0 0.467187 0.656250 0.026562 0.077778 
0 0.395703 0.649306 0.026562 0.083333 
0 0.539062 0.661111 0.028125 0.080556 
2 0.468750 0.611806 0.017969 0.033333 
2 0.705078 0.690278 0.020313 0.034722 
1 0.539062 0.678472 0.020313 0.033333 
2 0.617969 0.684722 0.020313 0.034722 
2 0.395313 0.612500 0.018750 0.036111 
1 0.394531 0.670139 0.017969 0.030556 
1 0.539453 0.618750 0.021094 0.037500 
2 0.396094 0.619444 0.019531 0.033333 
1 0.466797 0.673611 0.018750 0.030556 
