0 0.691406 0.680556 0.030469 0.088889 
0 0.608984 0.676389 0.028125 0.087500 
0 0.456641 0.670139 0.025781 0.081944 
0 0.528516 0.672917 0.028906 0.086111 
0 0.385937 0.665972 0.025781 0.079167 
2 0.608203 0.697222 0.019531 0.034722 
2 0.693750 0.700694 0.020313 0.034722 
2 0.385547 0.626389 0.018750 0.033333 
2 0.458203 0.627083 0.017969 0.033333 
1 0.610156 0.661111 0.021094 0.037500 
1 0.385156 0.686806 0.017969 0.030556 
1 0.456641 0.690278 0.018750 0.030556 
1 0.529297 0.691667 0.019531 0.034722 
