0 0.598828 0.706250 0.030469 0.090278 
0 0.681641 0.706944 0.033594 0.090278 
0 0.518359 0.706250 0.028906 0.086111 
0 0.446875 0.706250 0.027344 0.081944 
0 0.375000 0.704167 0.028906 0.083333 
2 0.598047 0.727778 0.018750 0.034722 
2 0.684766 0.727778 0.020313 0.036111 
1 0.373828 0.725694 0.018750 0.031944 
1 0.448047 0.726389 0.017969 0.031944 
2 0.375000 0.665278 0.019531 0.031944 
1 0.521094 0.726389 0.019531 0.034722 
2 0.447266 0.662500 0.020313 0.036111 
1 0.518750 0.661111 0.021094 0.037500 
