0 0.557031 0.725694 0.029687 0.087500 
0 0.636719 0.727083 0.031250 0.088889 
0 0.478125 0.722222 0.028906 0.087500 
0 0.405078 0.721528 0.026562 0.083333 
0 0.331641 0.720139 0.029687 0.087500 
2 0.639453 0.747222 0.019531 0.034722 
2 0.408203 0.681944 0.018750 0.034722 
2 0.555469 0.747222 0.018750 0.033333 
2 0.334375 0.685417 0.021094 0.036111 
1 0.330469 0.742361 0.018750 0.031944 
1 0.405469 0.745139 0.017188 0.029167 
1 0.478516 0.745139 0.019531 0.031944 
1 0.558594 0.707639 0.021094 0.034722 
1 0.480469 0.681250 0.019531 0.033333 
