0 0.533203 0.658333 0.028125 0.084722 
0 0.611719 0.653472 0.030469 0.086111 
0 0.384375 0.664583 0.026562 0.080556 
0 0.455469 0.661806 0.027344 0.080556 
0 0.312891 0.666667 0.028125 0.080556 
2 0.533594 0.677083 0.018750 0.033333 
2 0.312500 0.625000 0.020313 0.033333 
1 0.457031 0.679861 0.019531 0.033333 
2 0.613281 0.673611 0.019531 0.033333 
2 0.387500 0.620833 0.019531 0.033333 
1 0.457031 0.617361 0.020313 0.036111 
1 0.385547 0.683333 0.017969 0.030556 
1 0.312891 0.685417 0.019531 0.033333 
