0 0.506641 0.670833 0.027344 0.084722 
0 0.583203 0.668750 0.029687 0.084722 
2 0.282422 0.638889 0.020313 0.034722 
0 0.430078 0.674306 0.028906 0.086111 
0 0.283594 0.680556 0.028906 0.080556 
0 0.356250 0.676389 0.028125 0.083333 
2 0.505469 0.690278 0.018750 0.033333 
2 0.585156 0.687500 0.019531 0.033333 
1 0.282031 0.701389 0.018750 0.033333 
2 0.286328 0.669444 0.020313 0.033333 
2 0.360156 0.635417 0.018750 0.034722 
1 0.430859 0.630556 0.017969 0.036111 
1 0.430859 0.693750 0.018750 0.033333 
