0 0.342969 0.700000 0.025781 0.083333 
0 0.493359 0.694444 0.026562 0.086111 
2 0.268359 0.659722 0.019531 0.034722 
0 0.571094 0.692361 0.029687 0.083333 
0 0.269141 0.703472 0.028125 0.081944 
0 0.416797 0.696528 0.027344 0.086111 
2 0.492578 0.715278 0.018750 0.033333 
2 0.572266 0.713889 0.018750 0.031944 
1 0.266406 0.723611 0.018750 0.031944 
2 0.346094 0.656250 0.017969 0.036111 
2 0.272266 0.692361 0.019531 0.033333 
1 0.417578 0.655556 0.019531 0.036111 
1 0.415625 0.663194 0.021094 0.037500 
1 0.417187 0.719444 0.017969 0.030556 
