0 0.541797 0.711111 0.028125 0.081944 
0 0.464844 0.712500 0.025781 0.084722 
0 0.312500 0.713889 0.027344 0.084722 
0 0.237109 0.714583 0.028906 0.083333 
0 0.387891 0.713889 0.028125 0.083333 
2 0.464453 0.731944 0.018750 0.033333 
2 0.236328 0.671528 0.021094 0.036111 
1 0.234375 0.735417 0.020313 0.033333 
2 0.316797 0.670139 0.018750 0.034722 
2 0.544141 0.729167 0.017969 0.033333 
1 0.310937 0.701389 0.020313 0.034722 
1 0.390625 0.667361 0.021094 0.036111 
1 0.388672 0.732639 0.019531 0.033333 
1 0.313281 0.734028 0.019531 0.033333 
