0 0.303125 0.691667 0.027344 0.086111 
0 0.455469 0.688889 0.026562 0.083333 
0 0.226172 0.694444 0.029687 0.086111 
0 0.531250 0.686806 0.028906 0.083333 
0 0.378906 0.690972 0.028125 0.083333 
2 0.454688 0.709028 0.018750 0.033333 
2 0.533203 0.706250 0.018750 0.031944 
2 0.225781 0.652083 0.021094 0.034722 
2 0.305469 0.647917 0.018750 0.033333 
1 0.379297 0.710417 0.019531 0.033333 
1 0.303516 0.712500 0.018750 0.031944 
1 0.379297 0.645139 0.020313 0.033333 
1 0.223828 0.714583 0.020313 0.034722 
