0 0.316406 0.670139 0.028125 0.084722 
0 0.391016 0.669444 0.028906 0.084722 
0 0.466016 0.668750 0.027344 0.084722 
0 0.542578 0.666667 0.028125 0.081944 
0 0.241016 0.670139 0.029687 0.083333 
2 0.466406 0.687500 0.018750 0.033333 
1 0.391797 0.688889 0.019531 0.033333 
2 0.544922 0.685417 0.017969 0.031944 
2 0.239844 0.631944 0.019531 0.036111 
1 0.238672 0.693056 0.019531 0.033333 
1 0.317188 0.690972 0.019531 0.033333 
2 0.317969 0.627083 0.018750 0.034722 
1 0.391016 0.625694 0.020313 0.034722 
