0 0.472266 0.664583 0.027344 0.084722 
0 0.548438 0.661806 0.028906 0.083333 
0 0.323047 0.670139 0.026562 0.081944 
0 0.396484 0.668056 0.028125 0.083333 
0 0.248828 0.671528 0.028125 0.081944 
2 0.471875 0.683333 0.018750 0.033333 
2 0.550781 0.680556 0.018750 0.031944 
1 0.398047 0.686111 0.019531 0.033333 
2 0.325000 0.624306 0.018750 0.033333 
1 0.324219 0.689583 0.018750 0.031944 
1 0.246875 0.693056 0.018750 0.033333 
2 0.247656 0.633333 0.017969 0.033333 
1 0.397266 0.623611 0.020313 0.036111 
