0 0.558203 0.659722 0.028906 0.081944 
0 0.481641 0.662500 0.026562 0.081944 
0 0.332813 0.667361 0.026562 0.083333 
0 0.260156 0.669444 0.027344 0.083333 
0 0.406250 0.665278 0.027344 0.081944 
2 0.560547 0.678472 0.018750 0.031944 
2 0.482031 0.681250 0.018750 0.033333 
2 0.257812 0.627778 0.018750 0.033333 
1 0.333203 0.686806 0.017969 0.030556 
1 0.407031 0.683333 0.018750 0.033333 
1 0.257812 0.690278 0.019531 0.033333 
2 0.334375 0.624306 0.018750 0.034722 
1 0.407422 0.621528 0.020313 0.036111 
