2 0.333594 0.616667 0.019531 0.036111 
0 0.555469 0.656250 0.028125 0.084722 
0 0.480469 0.659028 0.026562 0.084722 
0 0.257422 0.660417 0.027344 0.079167 
0 0.330469 0.660417 0.025781 0.079167 
0 0.403906 0.659722 0.027344 0.081944 
2 0.558203 0.676389 0.018750 0.033333 
2 0.257422 0.618056 0.019531 0.034722 
1 0.406250 0.616667 0.020313 0.034722 
1 0.331641 0.679167 0.017969 0.031944 
1 0.255469 0.680556 0.018750 0.033333 
1 0.404687 0.678472 0.018750 0.031944 
2 0.480078 0.677778 0.018750 0.031944 
2 0.260937 0.648611 0.019531 0.033333 
1 0.329297 0.647222 0.018750 0.031944 
