0 0.475391 0.664583 0.027344 0.084722 
0 0.551172 0.666667 0.028125 0.083333 
2 0.327734 0.618056 0.018750 0.034722 
0 0.325781 0.661806 0.027344 0.083333 
0 0.252344 0.660417 0.028906 0.080556 
0 0.399219 0.662500 0.028125 0.083333 
2 0.252734 0.618056 0.019531 0.034722 
1 0.249219 0.679861 0.019531 0.033333 
1 0.399609 0.681250 0.019531 0.033333 
1 0.326172 0.680556 0.018750 0.031944 
2 0.552344 0.685417 0.018750 0.033333 
2 0.474219 0.684028 0.019531 0.034722 
1 0.400000 0.620139 0.021094 0.036111 
