0 0.316797 0.666667 0.027344 0.083333 
0 0.391406 0.668056 0.028125 0.084722 
0 0.467578 0.670833 0.027344 0.086111 
0 0.542969 0.671528 0.028125 0.084722 
0 0.242188 0.664583 0.028125 0.080556 
1 0.239844 0.684722 0.018750 0.033333 
2 0.467187 0.690278 0.019531 0.034722 
1 0.391797 0.686806 0.019531 0.033333 
2 0.242188 0.620833 0.018750 0.033333 
2 0.544141 0.690972 0.018750 0.033333 
2 0.319141 0.620833 0.018750 0.034722 
1 0.316797 0.685417 0.018750 0.031944 
1 0.467969 0.657639 0.019531 0.036111 
1 0.392188 0.625000 0.020313 0.036111 
