0 0.528125 0.681250 0.028125 0.083333 
0 0.301172 0.669444 0.028125 0.084722 
0 0.453516 0.677083 0.026562 0.083333 
0 0.225000 0.667361 0.029687 0.081944 
0 0.376172 0.672917 0.028906 0.086111 
2 0.303516 0.626389 0.019531 0.034722 
2 0.225000 0.623611 0.020313 0.031944 
2 0.528906 0.700694 0.018750 0.033333 
2 0.452344 0.696528 0.018750 0.033333 
1 0.454688 0.661111 0.018750 0.036111 
1 0.376563 0.693056 0.020313 0.034722 
1 0.301172 0.690278 0.018750 0.033333 
1 0.378125 0.631944 0.019531 0.034722 
