0 0.294922 0.679167 0.028125 0.086111 
2 0.297656 0.636806 0.020313 0.034722 
0 0.447266 0.689583 0.026562 0.084722 
0 0.369922 0.684028 0.028906 0.084722 
0 0.523438 0.693056 0.028125 0.084722 
0 0.217578 0.676389 0.030469 0.086111 
1 0.370312 0.703472 0.019531 0.034722 
2 0.217969 0.634028 0.021094 0.037500 
2 0.445703 0.709028 0.018750 0.033333 
1 0.214844 0.697222 0.020313 0.034722 
2 0.524609 0.712500 0.018750 0.033333 
1 0.371875 0.640972 0.021094 0.036111 
1 0.294531 0.700694 0.018750 0.033333 
2 0.219922 0.664583 0.022656 0.036111 
