0 0.503516 0.704167 0.028125 0.084722 
0 0.271875 0.693750 0.028906 0.088889 
0 0.192188 0.691667 0.031250 0.087500 
0 0.426953 0.701389 0.028125 0.086111 
0 0.349219 0.696528 0.028906 0.090278 
1 0.189453 0.712500 0.021094 0.034722 
2 0.193359 0.645833 0.021094 0.034722 
2 0.503906 0.723611 0.018750 0.033333 
2 0.275391 0.647917 0.021094 0.034722 
1 0.272266 0.714583 0.020313 0.033333 
2 0.426172 0.720833 0.019531 0.033333 
1 0.351562 0.653472 0.021094 0.034722 
1 0.348828 0.717361 0.020313 0.034722 
