0 0.252344 0.715278 0.030469 0.088889 
0 0.170313 0.711806 0.032813 0.086111 
0 0.331250 0.718056 0.029687 0.090278 
0 0.410938 0.724306 0.028125 0.086111 
0 0.487109 0.729167 0.028906 0.084722 
2 0.256250 0.668750 0.021094 0.036111 
2 0.487891 0.748611 0.019531 0.033333 
2 0.408984 0.745833 0.020313 0.036111 
1 0.167187 0.731944 0.021094 0.036111 
2 0.171484 0.664583 0.021875 0.036111 
1 0.330859 0.739583 0.021094 0.036111 
1 0.251563 0.735417 0.020313 0.034722 
1 0.333984 0.675694 0.021875 0.037500 
