0 0.396484 0.726389 0.030469 0.088889 
0 0.235547 0.715972 0.031250 0.088889 
0 0.474219 0.731250 0.029687 0.087500 
0 0.316406 0.720139 0.032031 0.091667 
2 0.153906 0.665972 0.023438 0.037500 
0 0.151953 0.712500 0.034375 0.084722 
2 0.240625 0.669444 0.021094 0.036111 
2 0.475000 0.750694 0.019531 0.034722 
2 0.394141 0.747222 0.020313 0.034722 
1 0.315625 0.740972 0.021094 0.037500 
1 0.234766 0.737500 0.020313 0.034722 
1 0.148047 0.733333 0.022656 0.034722 
1 0.319141 0.678472 0.021094 0.037500 
1 0.232813 0.703472 0.020313 0.034722 
1 0.399219 0.707639 0.021875 0.036111 
