0 0.382031 0.728472 0.029687 0.091667 
0 0.217969 0.723611 0.030469 0.088889 
0 0.460156 0.731250 0.028906 0.084722 
0 0.300000 0.725694 0.030469 0.088889 
2 0.461328 0.750694 0.019531 0.033333 
1 0.303906 0.681250 0.021094 0.037500 
0 0.131250 0.722222 0.034375 0.088889 
1 0.299609 0.746528 0.021094 0.036111 
2 0.380078 0.749306 0.020313 0.036111 
2 0.132422 0.677083 0.023438 0.040278 
1 0.127344 0.743056 0.022656 0.037500 
1 0.217188 0.745833 0.021094 0.034722 
2 0.221875 0.679167 0.021094 0.037500 
1 0.384375 0.710417 0.021094 0.036111 
1 0.216406 0.713194 0.021875 0.037500 
