0 0.371094 0.728472 0.028906 0.090278 
2 0.208594 0.681250 0.023438 0.038889 
0 0.449609 0.729861 0.028906 0.086111 
0 0.204687 0.728472 0.032031 0.091667 
2 0.117188 0.681250 0.024219 0.038889 
1 0.291406 0.682639 0.021875 0.037500 
0 0.288281 0.728472 0.031250 0.088889 
0 0.115625 0.727778 0.035937 0.090278 
1 0.287891 0.749306 0.021875 0.037500 
2 0.450391 0.749306 0.019531 0.034722 
2 0.369141 0.750000 0.021094 0.036111 
1 0.111719 0.750694 0.023438 0.037500 
1 0.204687 0.749306 0.022656 0.037500 
2 0.121094 0.715278 0.024219 0.038889 
