0 0.367578 0.728472 0.028125 0.087500 
0 0.446484 0.728472 0.029687 0.084722 
0 0.200391 0.730556 0.031250 0.091667 
2 0.204687 0.684028 0.021875 0.037500 
0 0.283984 0.729861 0.030469 0.090278 
2 0.365625 0.750000 0.020313 0.036111 
0 0.111719 0.731944 0.035156 0.091667 
2 0.447266 0.747917 0.019531 0.034722 
2 0.111719 0.683333 0.025000 0.038889 
1 0.284375 0.750000 0.021875 0.037500 
1 0.286328 0.681944 0.021875 0.037500 
1 0.200781 0.752083 0.021875 0.036111 
1 0.107813 0.754167 0.023438 0.037500 
2 0.116016 0.719444 0.025000 0.040278 
1 0.198437 0.718056 0.022656 0.037500 
