0 0.375781 0.728472 0.029687 0.090278 
0 0.210156 0.733333 0.031250 0.090278 
0 0.453516 0.727778 0.028125 0.084722 
2 0.213672 0.686111 0.021875 0.037500 
0 0.123047 0.736111 0.034375 0.091667 
0 0.292969 0.730556 0.030469 0.090278 
2 0.373828 0.749306 0.020313 0.036111 
2 0.123047 0.688194 0.024219 0.038889 
2 0.454297 0.746528 0.019531 0.034722 
1 0.119922 0.757639 0.023438 0.037500 
1 0.294922 0.685417 0.022656 0.037500 
1 0.210156 0.754167 0.021094 0.034722 
1 0.293359 0.750000 0.021875 0.037500 
2 0.128125 0.725000 0.023438 0.037500 
