0 0.221094 0.715972 0.030469 0.090278 
0 0.383594 0.711806 0.028125 0.087500 
0 0.303516 0.713889 0.029687 0.091667 
0 0.462109 0.710417 0.028125 0.084722 
0 0.135547 0.718750 0.033594 0.088889 
2 0.382812 0.731250 0.019531 0.034722 
2 0.135156 0.670833 0.023438 0.038889 
1 0.303125 0.735417 0.020313 0.036111 
2 0.463281 0.729167 0.019531 0.034722 
2 0.224219 0.668056 0.021875 0.037500 
1 0.221875 0.736111 0.021875 0.036111 
1 0.132031 0.740278 0.022656 0.036111 
2 0.140625 0.704167 0.023438 0.037500 
