0 0.366797 0.729861 0.028125 0.088889 
0 0.445703 0.727083 0.028906 0.084722 
0 0.199609 0.736806 0.031250 0.093056 
0 0.283984 0.734722 0.030469 0.090278 
2 0.365234 0.751389 0.020313 0.034722 
2 0.203516 0.688889 0.021094 0.037500 
1 0.284375 0.754861 0.021875 0.037500 
2 0.446875 0.746528 0.019531 0.034722 
2 0.111719 0.693750 0.024219 0.040278 
0 0.111328 0.739583 0.034375 0.095833 
1 0.107422 0.763889 0.023438 0.036111 
1 0.285547 0.686806 0.022656 0.037500 
1 0.197656 0.725000 0.021875 0.036111 
1 0.200391 0.759028 0.021094 0.036111 
