0 0.367969 0.757639 0.028125 0.090278 
0 0.200391 0.758333 0.031250 0.091667 
0 0.446484 0.755556 0.028125 0.084722 
0 0.284766 0.758333 0.031250 0.095833 
2 0.112109 0.711806 0.023438 0.040278 
0 0.111719 0.759028 0.035156 0.094444 
2 0.366016 0.778472 0.020313 0.036111 
2 0.203906 0.710417 0.021094 0.037500 
2 0.448047 0.775694 0.018750 0.033333 
1 0.108203 0.782639 0.024219 0.037500 
1 0.283984 0.779167 0.021875 0.037500 
1 0.286328 0.709722 0.023438 0.037500 
1 0.200391 0.780556 0.021094 0.034722 
1 0.197656 0.746528 0.021875 0.037500 
