0 0.367578 0.767361 0.028906 0.090278 
0 0.446484 0.770833 0.029687 0.087500 
2 0.113281 0.712500 0.024219 0.040278 
0 0.200781 0.762500 0.032813 0.091667 
2 0.205859 0.715278 0.021875 0.037500 
0 0.284766 0.763194 0.031250 0.095833 
0 0.111719 0.760417 0.035937 0.091667 
2 0.446875 0.790972 0.020313 0.034722 
1 0.107422 0.783333 0.023438 0.037500 
2 0.364844 0.790278 0.020313 0.036111 
1 0.286719 0.719444 0.022656 0.038889 
1 0.283984 0.785417 0.022656 0.040278 
1 0.369531 0.751389 0.020313 0.037500 
