0 0.378516 0.715278 0.029687 0.090278 
0 0.214062 0.706944 0.031250 0.091667 
0 0.295703 0.711111 0.032031 0.093056 
0 0.455469 0.717361 0.028125 0.084722 
2 0.128125 0.658333 0.024219 0.038889 
0 0.126953 0.704167 0.035156 0.088889 
1 0.295703 0.733333 0.021094 0.036111 
1 0.214453 0.730556 0.020313 0.034722 
2 0.217969 0.662500 0.021875 0.037500 
2 0.376563 0.735417 0.019531 0.033333 
1 0.123047 0.726389 0.022656 0.036111 
2 0.456250 0.738194 0.018750 0.031944 
1 0.297266 0.666667 0.021094 0.036111 
2 0.132422 0.694444 0.023438 0.037500 
1 0.212109 0.695833 0.021875 0.036111 
