0 0.218750 0.668056 0.030469 0.090278 
0 0.132812 0.667361 0.033594 0.090278 
0 0.382031 0.670139 0.027344 0.087500 
0 0.458203 0.672222 0.027344 0.081944 
0 0.300391 0.669444 0.029687 0.090278 
2 0.221484 0.622917 0.021875 0.038889 
1 0.128906 0.689583 0.021875 0.036111 
2 0.458984 0.691667 0.017969 0.030556 
2 0.132031 0.621528 0.021875 0.037500 
1 0.302344 0.626389 0.021094 0.036111 
2 0.380078 0.690972 0.018750 0.033333 
1 0.218750 0.690278 0.020313 0.034722 
1 0.300781 0.690278 0.021094 0.034722 
