0 0.392188 0.650000 0.026562 0.086111 
0 0.468750 0.648611 0.027344 0.083333 
0 0.231250 0.652083 0.028906 0.088889 
2 0.391406 0.670139 0.019531 0.033333 
0 0.311719 0.651389 0.029687 0.088889 
0 0.146484 0.654861 0.034375 0.091667 
2 0.469922 0.668056 0.017188 0.031944 
2 0.233984 0.607639 0.020313 0.036111 
2 0.144141 0.611111 0.024219 0.040278 
1 0.143359 0.675694 0.022656 0.036111 
1 0.232031 0.672222 0.019531 0.031944 
1 0.313281 0.605556 0.021094 0.033333 
1 0.313281 0.671528 0.020313 0.034722 
