0 0.155469 0.661111 0.032031 0.088889 
0 0.400781 0.645833 0.027344 0.084722 
2 0.154297 0.616667 0.021875 0.037500 
0 0.320703 0.650694 0.029687 0.088889 
0 0.239844 0.656944 0.029687 0.086111 
0 0.476953 0.640278 0.029687 0.084722 
2 0.241016 0.611111 0.021094 0.037500 
2 0.478516 0.659722 0.019531 0.034722 
1 0.153906 0.684028 0.022656 0.036111 
1 0.321484 0.670833 0.020313 0.034722 
1 0.321094 0.602778 0.020313 0.034722 
2 0.160547 0.650000 0.021875 0.037500 
2 0.400000 0.666667 0.018750 0.031944 
1 0.240625 0.676389 0.020313 0.033333 
