0 0.433203 0.645833 0.028125 0.083333 
0 0.276562 0.668750 0.029687 0.087500 
2 0.192578 0.636806 0.021875 0.036111 
0 0.195312 0.679167 0.032813 0.091667 
0 0.510547 0.636111 0.028906 0.080556 
2 0.433203 0.666667 0.018750 0.031944 
0 0.354297 0.656250 0.030469 0.088889 
2 0.276953 0.622917 0.020313 0.036111 
1 0.194922 0.702083 0.021094 0.036111 
2 0.508203 0.597222 0.020313 0.034722 
1 0.356250 0.677778 0.020313 0.034722 
1 0.278906 0.689583 0.020313 0.033333 
1 0.355078 0.613194 0.020313 0.034722 
2 0.198828 0.668750 0.021875 0.034722 
1 0.273047 0.659028 0.021094 0.034722 
