0 0.519141 0.637500 0.030469 0.084722 
0 0.443359 0.647222 0.028125 0.086111 
0 0.365234 0.661111 0.031250 0.084722 
0 0.207422 0.683333 0.032813 0.088889 
0 0.286328 0.671528 0.029687 0.086111 
2 0.444141 0.668750 0.018750 0.034722 
1 0.366016 0.679861 0.019531 0.034722 
2 0.204297 0.641667 0.023438 0.036111 
1 0.206250 0.705556 0.021094 0.034722 
1 0.363672 0.616667 0.023438 0.037500 
2 0.521875 0.656944 0.019531 0.033333 
2 0.287109 0.625694 0.021094 0.034722 
2 0.211328 0.671528 0.021875 0.034722 
1 0.288281 0.692361 0.019531 0.033333 
2 0.517578 0.621528 0.020313 0.034722 
