0 0.217578 0.689583 0.032813 0.090278 
0 0.453125 0.656944 0.028906 0.086111 
2 0.216016 0.645833 0.022656 0.036111 
0 0.296875 0.678472 0.029687 0.086111 
1 0.216406 0.711806 0.020313 0.034722 
0 0.530859 0.645833 0.031250 0.087500 
2 0.532813 0.665278 0.020313 0.034722 
0 0.374609 0.668056 0.031250 0.087500 
2 0.453125 0.677778 0.018750 0.033333 
1 0.374609 0.621528 0.021875 0.036111 
1 0.376563 0.688194 0.021094 0.034722 
2 0.299219 0.634028 0.020313 0.034722 
2 0.530078 0.624306 0.021875 0.037500 
1 0.299219 0.700694 0.019531 0.031944 
