0 0.289453 0.684028 0.029687 0.087500 
0 0.447656 0.663194 0.028906 0.087500 
0 0.209766 0.695139 0.032813 0.091667 
2 0.290625 0.639583 0.021094 0.036111 
0 0.525781 0.652778 0.030469 0.086111 
0 0.368359 0.674306 0.030469 0.088889 
2 0.447266 0.684028 0.019531 0.034722 
2 0.526953 0.672917 0.019531 0.033333 
1 0.370312 0.694444 0.020313 0.036111 
2 0.207422 0.653472 0.022656 0.038889 
1 0.291797 0.706944 0.019531 0.033333 
1 0.367969 0.629167 0.020313 0.036111 
1 0.208984 0.718750 0.021875 0.034722 
1 0.287891 0.672917 0.021094 0.034722 
1 0.449219 0.646528 0.021094 0.037500 
2 0.212109 0.681944 0.021875 0.037500 
