0 0.441406 0.682639 0.028906 0.087500 
0 0.280859 0.706944 0.031250 0.087500 
0 0.518750 0.672222 0.030469 0.087500 
2 0.283594 0.660417 0.022656 0.038889 
0 0.361719 0.693056 0.032031 0.093056 
0 0.200000 0.716667 0.035937 0.091667 
2 0.442188 0.704861 0.018750 0.033333 
2 0.520312 0.693750 0.018750 0.033333 
2 0.197266 0.674306 0.024219 0.038889 
1 0.361719 0.649306 0.022656 0.038889 
1 0.283203 0.728472 0.019531 0.033333 
1 0.363672 0.715278 0.021094 0.036111 
1 0.197656 0.740972 0.021094 0.034722 
1 0.442188 0.665278 0.021094 0.034722 
1 0.278906 0.695139 0.020313 0.033333 
1 0.360156 0.658333 0.022656 0.040278 
2 0.517188 0.659028 0.020313 0.038889 
2 0.203516 0.704861 0.024219 0.037500 
