0 0.417187 0.703472 0.028906 0.090278 
0 0.250781 0.714583 0.030469 0.093056 
0 0.496094 0.695139 0.029687 0.087500 
0 0.334375 0.711111 0.030469 0.093056 
0 0.163672 0.723611 0.034375 0.091667 
2 0.252344 0.668056 0.021875 0.037500 
1 0.160547 0.747222 0.022656 0.037500 
1 0.335156 0.729861 0.021875 0.037500 
2 0.416406 0.724306 0.020313 0.036111 
2 0.496484 0.716667 0.019531 0.033333 
2 0.162500 0.676389 0.024219 0.040278 
1 0.252344 0.737500 0.021094 0.036111 
1 0.335156 0.662500 0.022656 0.038889 
1 0.247656 0.702778 0.021094 0.036111 
2 0.494922 0.681944 0.021875 0.038889 
