0 0.420703 0.724306 0.029687 0.093056 
0 0.501172 0.715972 0.030469 0.090278 
0 0.250781 0.738889 0.031250 0.095833 
2 0.253125 0.689583 0.021875 0.038889 
0 0.336328 0.731944 0.032031 0.093056 
0 0.163281 0.749306 0.035937 0.095833 
2 0.420312 0.746528 0.021094 0.037500 
1 0.337500 0.752778 0.022656 0.040278 
1 0.159766 0.771528 0.023438 0.037500 
1 0.248438 0.725000 0.021875 0.037500 
2 0.161328 0.699306 0.025000 0.041667 
2 0.501953 0.737500 0.020313 0.036111 
1 0.337109 0.684028 0.023438 0.038889 
1 0.252344 0.761111 0.021875 0.037500 
1 0.421484 0.706944 0.021094 0.037500 
1 0.333984 0.713889 0.022656 0.036111 
