0 0.413672 0.682639 0.031250 0.093056 
0 0.495703 0.675694 0.031250 0.088889 
0 0.241016 0.693750 0.032813 0.097222 
0 0.327734 0.689583 0.032031 0.094444 
2 0.243359 0.645833 0.023438 0.038889 
0 0.150781 0.703472 0.036719 0.095833 
2 0.412500 0.704167 0.021094 0.037500 
2 0.149219 0.654167 0.025781 0.043056 
1 0.329688 0.640972 0.021875 0.037500 
1 0.147656 0.726389 0.024219 0.038889 
1 0.242578 0.716667 0.021875 0.037500 
1 0.329688 0.711111 0.022656 0.038889 
2 0.497656 0.697222 0.020313 0.036111 
2 0.494922 0.661806 0.021875 0.037500 
