0 0.417187 0.693056 0.032813 0.095833 
0 0.242578 0.713889 0.033594 0.095833 
0 0.500391 0.685417 0.033594 0.093056 
0 0.330078 0.704167 0.033594 0.098611 
0 0.150781 0.723611 0.035937 0.097222 
2 0.416797 0.717361 0.021094 0.037500 
2 0.243750 0.664583 0.023438 0.040278 
1 0.332422 0.727778 0.021875 0.038889 
1 0.148438 0.750694 0.022656 0.036111 
2 0.148047 0.676389 0.025781 0.043056 
2 0.501953 0.707639 0.021094 0.036111 
1 0.244531 0.736806 0.021094 0.036111 
1 0.332031 0.656250 0.022656 0.038889 
2 0.499609 0.669444 0.022656 0.038889 
1 0.418359 0.678472 0.022656 0.041667 
