0 0.441406 0.731250 0.032813 0.097222 
2 0.441797 0.753472 0.021875 0.037500 
0 0.177344 0.770139 0.036719 0.098611 
0 0.268359 0.756250 0.033594 0.097222 
2 0.269922 0.706250 0.023438 0.040278 
0 0.525391 0.718750 0.033594 0.094444 
2 0.176172 0.721528 0.025000 0.041667 
0 0.354297 0.745139 0.033594 0.095833 
1 0.355469 0.692361 0.022656 0.038889 
1 0.175391 0.795833 0.024219 0.040278 
1 0.356641 0.766667 0.021875 0.037500 
2 0.528125 0.740278 0.021094 0.036111 
1 0.270313 0.779861 0.022656 0.037500 
1 0.353516 0.697222 0.024219 0.041667 
1 0.442578 0.713194 0.022656 0.037500 
