0 0.443359 0.732639 0.032813 0.097222 
0 0.267188 0.757639 0.034375 0.098611 
0 0.176953 0.771528 0.037500 0.100000 
2 0.269141 0.707639 0.023438 0.040278 
0 0.527344 0.719444 0.033594 0.094444 
0 0.354687 0.746528 0.033594 0.098611 
2 0.442188 0.755556 0.021875 0.038889 
1 0.356641 0.769444 0.022656 0.038889 
1 0.355469 0.693750 0.022656 0.038889 
1 0.269922 0.781250 0.022656 0.038889 
1 0.174609 0.797917 0.024219 0.040278 
2 0.529687 0.740972 0.021875 0.037500 
2 0.175391 0.722917 0.025781 0.043056 
2 0.526172 0.702778 0.023438 0.038889 
1 0.444531 0.714583 0.021875 0.038889 
1 0.263672 0.747222 0.023438 0.038889 
