0 0.230859 0.772222 0.035156 0.101389 
0 0.414062 0.749306 0.032813 0.100000 
2 0.414062 0.772917 0.022656 0.040278 
0 0.133203 0.784028 0.039062 0.105556 
2 0.234375 0.720139 0.025000 0.044444 
2 0.132422 0.733333 0.027344 0.044444 
0 0.500781 0.739583 0.032813 0.097222 
0 0.323828 0.760417 0.033594 0.102778 
2 0.502344 0.761806 0.021094 0.037500 
1 0.232813 0.796528 0.025000 0.041667 
1 0.130078 0.811111 0.025781 0.040278 
1 0.324219 0.708333 0.025000 0.041667 
1 0.228125 0.758333 0.025000 0.041667 
1 0.325391 0.785417 0.023438 0.040278 
2 0.500391 0.722917 0.023438 0.041667 
1 0.415625 0.730556 0.022656 0.038889 
