0 0.203906 0.770833 0.035937 0.104167 
0 0.100391 0.781250 0.043750 0.109722 
0 0.394531 0.752778 0.032813 0.101389 
2 0.101172 0.728472 0.028906 0.047222 
2 0.208984 0.716667 0.026562 0.044444 
0 0.480859 0.743750 0.034375 0.098611 
2 0.392969 0.775694 0.022656 0.040278 
2 0.482812 0.765972 0.022656 0.038889 
1 0.301953 0.707639 0.025000 0.041667 
1 0.301953 0.785417 0.024219 0.041667 
0 0.300391 0.761111 0.034375 0.102778 
1 0.205469 0.796528 0.025000 0.041667 
1 0.397266 0.733333 0.022656 0.040278 
2 0.481250 0.727083 0.023438 0.040278 
1 0.096484 0.808333 0.028125 0.041667 
1 0.200781 0.756944 0.025781 0.041667 
2 0.107422 0.768750 0.028125 0.043056 
