0 0.384375 0.758333 0.032813 0.101389 
0 0.084766 0.787500 0.042969 0.112500 
0 0.189844 0.777778 0.036719 0.105556 
0 0.288281 0.767361 0.035156 0.105556 
2 0.083203 0.732639 0.028906 0.045833 
0 0.472656 0.750000 0.033594 0.097222 
2 0.194141 0.722917 0.026562 0.045833 
2 0.474219 0.772222 0.021875 0.038889 
1 0.290234 0.792361 0.024219 0.043056 
2 0.382422 0.781250 0.022656 0.038889 
1 0.290234 0.712500 0.025781 0.041667 
1 0.080078 0.816667 0.028125 0.044444 
1 0.191016 0.803472 0.025000 0.041667 
1 0.187109 0.763889 0.025781 0.043056 
2 0.089063 0.774306 0.030469 0.048611 
2 0.472266 0.730556 0.022656 0.038889 
1 0.386719 0.739583 0.024219 0.043056 
