0 0.389062 0.760417 0.032813 0.101389 
0 0.088672 0.790972 0.041406 0.111111 
2 0.087891 0.735417 0.028906 0.048611 
0 0.194141 0.779861 0.036719 0.106944 
0 0.477734 0.750000 0.033594 0.098611 
0 0.292969 0.770139 0.035156 0.105556 
2 0.198047 0.725694 0.025781 0.045833 
1 0.294531 0.715278 0.025000 0.041667 
2 0.480078 0.772917 0.022656 0.038889 
1 0.294922 0.795139 0.024219 0.041667 
1 0.084375 0.818750 0.028125 0.043056 
2 0.478125 0.732639 0.022656 0.038889 
1 0.196484 0.805556 0.025000 0.043056 
1 0.390625 0.741667 0.023438 0.041667 
2 0.094531 0.777083 0.028125 0.044444 
2 0.388281 0.784028 0.022656 0.041667 
1 0.290234 0.754167 0.023438 0.041667 
1 0.191016 0.768056 0.026562 0.043056 
