0 0.405469 0.731944 0.033594 0.102778 
0 0.493750 0.721528 0.034375 0.098611 
2 0.216406 0.698611 0.025000 0.045833 
0 0.213281 0.753472 0.035937 0.105556 
2 0.108203 0.711111 0.028125 0.045833 
2 0.404297 0.756250 0.022656 0.041667 
0 0.110156 0.762500 0.042969 0.111111 
0 0.309766 0.743750 0.035156 0.104167 
1 0.106641 0.792361 0.028125 0.043056 
1 0.215234 0.778472 0.025781 0.041667 
2 0.496094 0.746528 0.022656 0.038889 
1 0.310937 0.686806 0.025000 0.041667 
1 0.407813 0.713889 0.022656 0.040278 
2 0.492969 0.705556 0.023438 0.040278 
1 0.312109 0.766667 0.024219 0.041667 
2 0.116016 0.750694 0.029687 0.045833 
1 0.210547 0.738889 0.025781 0.044444 
