0 0.207813 0.730556 0.037500 0.106944 
0 0.490234 0.688194 0.033594 0.100000 
0 0.401562 0.701389 0.034375 0.104167 
0 0.102344 0.746528 0.041406 0.112500 
0 0.305859 0.717361 0.035937 0.104167 
2 0.210547 0.675694 0.026562 0.045833 
2 0.100391 0.692361 0.028125 0.045833 
2 0.400781 0.726389 0.022656 0.041667 
1 0.306250 0.662500 0.026562 0.043056 
1 0.100000 0.773611 0.028125 0.044444 
1 0.308594 0.740278 0.024219 0.043056 
2 0.108203 0.731944 0.027344 0.043056 
2 0.489453 0.671528 0.023438 0.041667 
1 0.204297 0.715972 0.025781 0.043056 
1 0.210156 0.756250 0.025000 0.041667 
1 0.403125 0.683333 0.023438 0.041667 
2 0.492969 0.711111 0.021875 0.038889 
2 0.104688 0.709028 0.028906 0.055556 
