0 0.503125 0.690972 0.037500 0.101389 
0 0.413281 0.706944 0.038281 0.105556 
0 0.115625 0.763194 0.042969 0.111111 
2 0.221875 0.688194 0.027344 0.045833 
2 0.112891 0.709028 0.028125 0.047222 
0 0.219531 0.744444 0.039062 0.108333 
0 0.317578 0.725000 0.038281 0.108333 
2 0.412891 0.731944 0.024219 0.041667 
1 0.317188 0.671528 0.027344 0.043056 
1 0.320703 0.750694 0.025000 0.043056 
1 0.222656 0.770139 0.025000 0.041667 
2 0.506250 0.714583 0.022656 0.038889 
1 0.113281 0.791667 0.026562 0.043056 
1 0.216406 0.729861 0.025000 0.041667 
1 0.314844 0.709722 0.025000 0.040278 
2 0.120703 0.748611 0.028125 0.043056 
2 0.501953 0.674306 0.025781 0.044444 
