0 0.523438 0.711806 0.036719 0.101389 
2 0.135937 0.718056 0.028125 0.045833 
0 0.139063 0.771528 0.043750 0.111111 
0 0.240625 0.756944 0.037500 0.106944 
0 0.432812 0.725694 0.037500 0.105556 
2 0.242578 0.701389 0.026562 0.044444 
0 0.336719 0.741667 0.036719 0.105556 
1 0.339453 0.765972 0.024219 0.041667 
2 0.432031 0.750694 0.024219 0.041667 
1 0.136328 0.800000 0.026562 0.043056 
1 0.243359 0.781944 0.025000 0.043056 
1 0.337109 0.684722 0.025781 0.043056 
2 0.522656 0.694444 0.024219 0.041667 
2 0.526172 0.736111 0.022656 0.038889 
1 0.237109 0.742361 0.025781 0.043056 
1 0.433984 0.705556 0.024219 0.040278 
2 0.143750 0.757639 0.028125 0.044444 
1 0.333203 0.724306 0.025000 0.041667 
