0 0.448828 0.748611 0.035156 0.106944 
0 0.255469 0.770833 0.035156 0.108333 
0 0.540625 0.736806 0.034375 0.104167 
0 0.155469 0.784722 0.039062 0.108333 
2 0.258594 0.715278 0.025000 0.044444 
2 0.448047 0.773611 0.023438 0.041667 
2 0.153906 0.730556 0.026562 0.044444 
0 0.351953 0.760417 0.035156 0.108333 
1 0.251953 0.756250 0.025000 0.043056 
1 0.353516 0.704861 0.025781 0.041667 
1 0.151562 0.811806 0.026562 0.043056 
1 0.257812 0.797222 0.025000 0.043056 
1 0.354297 0.785417 0.024219 0.041667 
2 0.542969 0.762500 0.022656 0.040278 
2 0.539844 0.720139 0.024219 0.044444 
2 0.160547 0.769444 0.027344 0.043056 
