0 0.435156 0.786111 0.035937 0.111111 
0 0.528516 0.775000 0.036719 0.106944 
2 0.130469 0.764583 0.028906 0.047222 
0 0.235937 0.809722 0.036719 0.109722 
0 0.336328 0.797917 0.037500 0.111111 
2 0.240234 0.752083 0.025781 0.045833 
0 0.131250 0.822222 0.043750 0.111111 
1 0.338281 0.823611 0.026562 0.044444 
1 0.126562 0.850000 0.028125 0.045833 
2 0.433984 0.812500 0.025000 0.043056 
1 0.337500 0.738889 0.025781 0.047222 
2 0.528516 0.756944 0.025000 0.043056 
1 0.237500 0.836111 0.025781 0.044444 
2 0.137500 0.806250 0.029687 0.047222 
2 0.531641 0.800000 0.024219 0.041667 
1 0.232031 0.795139 0.025781 0.044444 
1 0.333203 0.779167 0.026562 0.043056 
1 0.438281 0.767361 0.025000 0.044444 
