0 0.407422 0.793056 0.035156 0.111111 
0 0.502344 0.782639 0.035156 0.106944 
0 0.089063 0.819444 0.045312 0.116667 
2 0.088281 0.760417 0.031250 0.051389 
0 0.305859 0.802083 0.036719 0.109722 
2 0.205859 0.750694 0.027344 0.045833 
1 0.307422 0.827083 0.025781 0.044444 
1 0.307812 0.739583 0.026562 0.047222 
2 0.504297 0.808333 0.024219 0.043056 
2 0.406250 0.817361 0.025781 0.044444 
1 0.201953 0.836806 0.026562 0.045833 
1 0.084375 0.848611 0.030469 0.048611 
2 0.501953 0.764583 0.025000 0.045833 
0 0.200781 0.809028 0.039062 0.118056 
1 0.301172 0.781944 0.025000 0.044444 
1 0.197266 0.793750 0.027344 0.047222 
1 0.410156 0.773611 0.025000 0.043056 
2 0.095312 0.804167 0.030469 0.048611 
