0 0.140234 0.752083 0.042188 0.111111 
0 0.534766 0.720139 0.033594 0.100000 
2 0.137891 0.695833 0.028906 0.050000 
0 0.442188 0.726389 0.034375 0.106944 
2 0.247656 0.686806 0.025781 0.045833 
0 0.243359 0.743056 0.035937 0.108333 
0 0.343750 0.735417 0.035156 0.108333 
1 0.344922 0.677778 0.026562 0.044444 
1 0.246094 0.768750 0.025000 0.043056 
1 0.345313 0.761111 0.024219 0.041667 
2 0.441406 0.752083 0.023438 0.041667 
1 0.136719 0.779861 0.028125 0.044444 
2 0.144922 0.737500 0.028125 0.044444 
2 0.533984 0.703472 0.024219 0.041667 
1 0.241016 0.728472 0.026562 0.043056 
2 0.536328 0.743056 0.022656 0.040278 
1 0.443750 0.707639 0.024219 0.044444 
1 0.339844 0.720833 0.025000 0.043056 
