0 0.174609 0.755556 0.042188 0.108333 
0 0.561719 0.712500 0.039062 0.104167 
2 0.278516 0.689583 0.028906 0.047222 
2 0.172266 0.700694 0.029687 0.047222 
0 0.274609 0.746528 0.037500 0.106944 
0 0.468359 0.721528 0.037500 0.108333 
0 0.371094 0.734028 0.037500 0.106944 
1 0.278125 0.772222 0.025000 0.041667 
2 0.180078 0.743056 0.029687 0.045833 
2 0.467969 0.748611 0.024219 0.041667 
1 0.371484 0.678472 0.025781 0.041667 
1 0.170313 0.785417 0.026562 0.041667 
2 0.564844 0.738889 0.023438 0.040278 
2 0.560156 0.695833 0.025781 0.041667 
1 0.373828 0.759722 0.025000 0.043056 
1 0.469531 0.705556 0.026562 0.043056 
1 0.270703 0.730556 0.025781 0.041667 
