0 0.494922 0.747917 0.035937 0.109722 
0 0.589453 0.737500 0.035937 0.108333 
2 0.202734 0.722917 0.026562 0.044444 
0 0.204687 0.777083 0.039062 0.106944 
2 0.305859 0.711111 0.025781 0.044444 
1 0.201172 0.804167 0.025781 0.043056 
0 0.301563 0.766667 0.035937 0.109722 
1 0.398438 0.701389 0.025781 0.044444 
2 0.494141 0.772917 0.025000 0.043056 
0 0.398047 0.756944 0.035156 0.108333 
1 0.303906 0.793056 0.024219 0.043056 
1 0.400391 0.782639 0.025781 0.044444 
2 0.591406 0.763889 0.024219 0.041667 
1 0.298438 0.752778 0.024219 0.043056 
1 0.496484 0.727083 0.024219 0.043056 
2 0.588672 0.720139 0.025781 0.047222 
2 0.210547 0.763194 0.025781 0.043056 
1 0.394141 0.743056 0.024219 0.041667 
