0 0.480078 0.772222 0.035156 0.109722 
0 0.382422 0.782639 0.035937 0.109722 
2 0.182031 0.745139 0.028125 0.048611 
2 0.288281 0.734028 0.026562 0.045833 
0 0.182812 0.800694 0.041406 0.113889 
0 0.284766 0.790972 0.036719 0.112500 
2 0.479687 0.798611 0.023438 0.043056 
1 0.383984 0.722917 0.025000 0.043056 
1 0.179297 0.829861 0.026562 0.043056 
2 0.577344 0.789583 0.024219 0.043056 
1 0.384375 0.809028 0.023438 0.043056 
1 0.286328 0.818056 0.023438 0.041667 
0 0.575391 0.764583 0.038281 0.111111 
2 0.574219 0.743750 0.026562 0.045833 
2 0.187891 0.787500 0.027344 0.044444 
1 0.482031 0.753472 0.022656 0.038889 
