2 0.100391 0.795139 0.033594 0.054167 
0 0.214062 0.847917 0.040625 0.119444 
0 0.424609 0.834028 0.035156 0.113889 
2 0.219922 0.786806 0.028906 0.050000 
0 0.519531 0.826389 0.035937 0.109722 
2 0.422656 0.861111 0.025781 0.045833 
0 0.321094 0.840972 0.037500 0.115278 
1 0.094141 0.886111 0.032813 0.051389 
1 0.321875 0.868056 0.027344 0.048611 
1 0.214844 0.877083 0.027344 0.047222 
2 0.520312 0.765278 0.025000 0.043056 
1 0.324219 0.778472 0.027344 0.047222 
2 0.521484 0.852778 0.025000 0.044444 
1 0.209766 0.832639 0.028906 0.047222 
2 0.517969 0.809722 0.025781 0.045833 
1 0.426953 0.813889 0.025000 0.045833 
0 0.100391 0.855556 0.048438 0.119444 
2 0.106641 0.840972 0.032813 0.051389 
