0 0.092578 0.849306 0.049219 0.119444 
0 0.419531 0.825694 0.034375 0.112500 
2 0.092969 0.787500 0.032813 0.054167 
2 0.213672 0.779861 0.028125 0.050000 
0 0.514844 0.818056 0.035937 0.108333 
0 0.316016 0.834028 0.036719 0.115278 
0 0.207031 0.840972 0.041406 0.119444 
1 0.318750 0.772917 0.026562 0.045833 
1 0.317188 0.861111 0.026562 0.047222 
2 0.417578 0.852778 0.025000 0.044444 
1 0.085547 0.879861 0.032031 0.050000 
1 0.208984 0.869444 0.028125 0.045833 
1 0.422266 0.806250 0.024219 0.044444 
2 0.516797 0.844444 0.025000 0.044444 
2 0.514844 0.800694 0.026562 0.045833 
1 0.203125 0.825694 0.029687 0.047222 
2 0.517188 0.757639 0.021875 0.043056 
2 0.099219 0.834028 0.032813 0.048611 
