0 0.435937 0.793750 0.034375 0.111111 
2 0.118750 0.752083 0.032031 0.051389 
0 0.118750 0.812500 0.045312 0.113889 
0 0.228516 0.805556 0.039062 0.115278 
2 0.234766 0.745139 0.028125 0.048611 
0 0.334766 0.800694 0.035937 0.109722 
1 0.112500 0.840972 0.030469 0.050000 
0 0.530469 0.788194 0.035156 0.106944 
2 0.434766 0.818750 0.025000 0.043056 
1 0.336328 0.739583 0.025781 0.048611 
2 0.532813 0.727083 0.023438 0.043056 
1 0.335938 0.825000 0.026562 0.045833 
1 0.230859 0.832639 0.026562 0.045833 
2 0.532422 0.812500 0.023438 0.043056 
2 0.529687 0.770139 0.024219 0.043056 
2 0.125000 0.797222 0.031250 0.047222 
1 0.438672 0.773611 0.023438 0.043056 
