0 0.129688 0.796528 0.046094 0.115278 
0 0.343750 0.777778 0.036719 0.111111 
2 0.128125 0.738194 0.032031 0.051389 
0 0.538672 0.761111 0.035156 0.104167 
0 0.444531 0.768750 0.036719 0.109722 
2 0.243750 0.727778 0.028125 0.048611 
0 0.238672 0.787500 0.039062 0.113889 
1 0.241406 0.813889 0.025781 0.045833 
1 0.344531 0.718056 0.025781 0.045833 
1 0.345703 0.804861 0.024219 0.043056 
1 0.124609 0.825694 0.028906 0.045833 
2 0.135937 0.781944 0.030469 0.048611 
2 0.442578 0.795139 0.025000 0.043056 
2 0.537891 0.701389 0.023438 0.041667 
2 0.541016 0.786111 0.024219 0.043056 
1 0.235547 0.771528 0.026562 0.045833 
2 0.537109 0.743750 0.025000 0.043056 
1 0.446094 0.748611 0.024219 0.040278 
