0 0.356250 0.774306 0.036719 0.112500 
2 0.142969 0.742361 0.030469 0.050000 
2 0.256641 0.726389 0.028125 0.048611 
0 0.144922 0.800000 0.045312 0.116667 
0 0.252344 0.787500 0.039062 0.115278 
0 0.457031 0.761806 0.036719 0.111111 
0 0.550781 0.752083 0.038281 0.105556 
2 0.554297 0.775694 0.024219 0.043056 
2 0.545703 0.692361 0.025000 0.043056 
1 0.139844 0.830556 0.029687 0.045833 
1 0.356641 0.713889 0.026562 0.044444 
1 0.255859 0.813889 0.026562 0.045833 
2 0.150781 0.786111 0.030469 0.047222 
2 0.456250 0.788889 0.025781 0.044444 
1 0.358594 0.800000 0.025781 0.047222 
1 0.248828 0.771528 0.027344 0.047222 
1 0.459375 0.742361 0.025781 0.044444 
2 0.549609 0.732639 0.026562 0.043056 
1 0.353516 0.756250 0.025000 0.041667 
