0 0.467969 0.764583 0.037500 0.112500 
2 0.155469 0.749306 0.031250 0.050000 
0 0.367578 0.777778 0.036719 0.112500 
0 0.157422 0.806944 0.045312 0.115278 
2 0.268750 0.731944 0.027344 0.047222 
2 0.566406 0.777083 0.024219 0.043056 
0 0.562500 0.752083 0.039062 0.106944 
0 0.264844 0.791667 0.038281 0.115278 
1 0.367969 0.717361 0.026562 0.045833 
1 0.153125 0.836111 0.030469 0.048611 
1 0.267578 0.819444 0.026562 0.045833 
2 0.467187 0.791667 0.025781 0.044444 
1 0.369922 0.804167 0.025781 0.044444 
2 0.557031 0.693056 0.025000 0.044444 
1 0.470313 0.745833 0.025000 0.043056 
1 0.364063 0.761806 0.025000 0.043056 
2 0.163672 0.791667 0.030469 0.045833 
1 0.260937 0.777778 0.027344 0.047222 
