2 0.278125 0.740278 0.026562 0.048611 
2 0.166016 0.755556 0.028906 0.050000 
0 0.168359 0.813889 0.043750 0.115278 
0 0.376563 0.786806 0.036719 0.112500 
0 0.476953 0.772222 0.036719 0.112500 
0 0.274219 0.800000 0.038281 0.113889 
0 0.572656 0.761111 0.039844 0.108333 
2 0.566797 0.700694 0.025781 0.044444 
1 0.379297 0.812500 0.025781 0.044444 
1 0.377734 0.725694 0.025000 0.044444 
2 0.476562 0.800000 0.025781 0.044444 
1 0.163281 0.844444 0.030469 0.048611 
2 0.576562 0.786111 0.024219 0.043056 
1 0.276953 0.827083 0.025781 0.044444 
2 0.174219 0.800000 0.028906 0.045833 
2 0.571094 0.742361 0.025781 0.044444 
1 0.270313 0.784722 0.025781 0.044444 
2 0.169141 0.761111 0.029687 0.054167 
1 0.479297 0.752778 0.024219 0.044444 
