0 0.473828 0.790278 0.038281 0.113889 
0 0.157812 0.840972 0.046875 0.120833 
2 0.156250 0.780556 0.031250 0.051389 
0 0.267578 0.822917 0.037500 0.113889 
2 0.271484 0.762500 0.027344 0.050000 
1 0.270313 0.850694 0.026562 0.045833 
0 0.568359 0.773611 0.039844 0.109722 
0 0.372266 0.804861 0.037500 0.115278 
2 0.473047 0.817361 0.025781 0.044444 
1 0.373047 0.744444 0.026562 0.048611 
1 0.152344 0.871528 0.029687 0.047222 
2 0.572266 0.800000 0.024219 0.041667 
2 0.164062 0.825694 0.030469 0.048611 
1 0.263672 0.806250 0.026562 0.045833 
1 0.375391 0.832639 0.026562 0.047222 
2 0.566016 0.715278 0.024219 0.043056 
2 0.567187 0.756250 0.025000 0.043056 
1 0.367969 0.789583 0.025781 0.044444 
1 0.476953 0.770833 0.025000 0.044444 
