0 0.159375 0.770139 0.044531 0.116667 
2 0.159766 0.711111 0.030469 0.050000 
2 0.276562 0.711111 0.027344 0.047222 
0 0.270703 0.768750 0.036719 0.113889 
0 0.568359 0.768056 0.034375 0.105556 
1 0.375391 0.795833 0.025781 0.045833 
0 0.474609 0.768056 0.035937 0.112500 
0 0.374609 0.768056 0.036719 0.112500 
2 0.570703 0.793750 0.024219 0.041667 
1 0.378125 0.709028 0.025781 0.044444 
1 0.271875 0.797222 0.026562 0.047222 
2 0.473828 0.795833 0.024219 0.043056 
2 0.165234 0.754861 0.029687 0.047222 
2 0.566797 0.710417 0.023438 0.044444 
1 0.155078 0.800694 0.029687 0.047222 
1 0.267188 0.753472 0.025781 0.044444 
2 0.566797 0.751389 0.023438 0.044444 
