0 0.435937 0.613194 0.036719 0.105556 
0 0.112891 0.580556 0.047656 0.116667 
0 0.231250 0.590972 0.040625 0.115278 
0 0.337109 0.602778 0.037500 0.109722 
0 0.525781 0.621528 0.034375 0.100000 
2 0.111719 0.520139 0.032031 0.052778 
1 0.340625 0.546528 0.026562 0.044444 
1 0.231641 0.619444 0.026562 0.045833 
2 0.236328 0.533333 0.028125 0.047222 
2 0.526953 0.568750 0.023438 0.040278 
1 0.336719 0.629167 0.025781 0.044444 
2 0.433594 0.638889 0.024219 0.040278 
2 0.526172 0.647917 0.021875 0.038889 
2 0.119922 0.565972 0.030469 0.048611 
1 0.227344 0.574306 0.028125 0.045833 
1 0.108594 0.609722 0.032813 0.047222 
1 0.334375 0.586806 0.025000 0.041667 
2 0.525391 0.608333 0.022656 0.038889 
