0 0.191797 0.678472 0.039844 0.112500 
0 0.494922 0.675000 0.035156 0.105556 
0 0.587891 0.673611 0.032813 0.101389 
2 0.189844 0.623611 0.028125 0.050000 
1 0.399609 0.701389 0.025000 0.043056 
0 0.398047 0.675694 0.034375 0.108333 
1 0.300000 0.704167 0.025781 0.045833 
2 0.302344 0.620139 0.025000 0.044444 
2 0.589844 0.698611 0.023438 0.041667 
0 0.297656 0.676389 0.035937 0.112500 
1 0.294531 0.661111 0.025781 0.044444 
2 0.586719 0.615972 0.022656 0.041667 
2 0.493750 0.701389 0.024219 0.041667 
1 0.188672 0.706944 0.028125 0.044444 
2 0.197656 0.664583 0.027344 0.044444 
1 0.400781 0.618750 0.025000 0.044444 
2 0.586328 0.656250 0.022656 0.040278 
1 0.496484 0.657639 0.025781 0.044444 
1 0.394531 0.659722 0.023438 0.041667 
