0 0.518359 0.697917 0.036719 0.109722 
0 0.219922 0.710417 0.040625 0.109722 
2 0.326172 0.648611 0.024219 0.044444 
0 0.323047 0.705556 0.035937 0.109722 
1 0.325391 0.731250 0.024219 0.043056 
0 0.421094 0.702083 0.036719 0.108333 
0 0.612109 0.695139 0.034375 0.101389 
2 0.610156 0.637500 0.025781 0.044444 
1 0.423438 0.727083 0.025000 0.044444 
2 0.217188 0.654861 0.028906 0.047222 
2 0.615234 0.719444 0.022656 0.040278 
1 0.423047 0.643056 0.025781 0.044444 
2 0.516797 0.724306 0.025000 0.041667 
1 0.215625 0.738194 0.027344 0.043056 
2 0.224609 0.696528 0.027344 0.044444 
1 0.519141 0.679167 0.027344 0.045833 
2 0.610547 0.679167 0.023438 0.040278 
