0 0.535937 0.697917 0.037500 0.109722 
0 0.241797 0.720139 0.039062 0.109722 
2 0.239063 0.665972 0.027344 0.045833 
2 0.344922 0.655556 0.025000 0.044444 
0 0.342969 0.712500 0.035156 0.106944 
0 0.631641 0.689583 0.036719 0.105556 
0 0.439453 0.704861 0.036719 0.108333 
2 0.628516 0.633333 0.025781 0.043056 
1 0.442188 0.729861 0.025000 0.043056 
2 0.635156 0.715278 0.024219 0.041667 
1 0.440234 0.646528 0.026562 0.044444 
1 0.238672 0.747222 0.025781 0.043056 
1 0.345313 0.737500 0.023438 0.043056 
2 0.536328 0.723611 0.025000 0.043056 
1 0.339453 0.697222 0.023438 0.041667 
2 0.246484 0.706250 0.026562 0.043056 
2 0.630078 0.672917 0.025781 0.041667 
