0 0.569531 0.675694 0.039844 0.111111 
2 0.377734 0.653472 0.025000 0.043056 
2 0.275000 0.672917 0.026562 0.044444 
0 0.376563 0.708333 0.038281 0.108333 
0 0.279297 0.725000 0.041406 0.111111 
2 0.671484 0.684028 0.025000 0.043056 
0 0.667188 0.659028 0.042188 0.105556 
0 0.471875 0.691667 0.038281 0.106944 
1 0.278516 0.752778 0.026562 0.043056 
1 0.471094 0.635417 0.025781 0.044444 
2 0.662891 0.601389 0.026562 0.043056 
2 0.570312 0.702083 0.025781 0.043056 
1 0.475781 0.718056 0.025000 0.043056 
2 0.283984 0.710417 0.025781 0.041667 
2 0.665625 0.640972 0.027344 0.041667 
1 0.372266 0.693056 0.025000 0.043056 
1 0.380859 0.734028 0.024219 0.041667 
1 0.468359 0.678472 0.025000 0.041667 
1 0.569922 0.657639 0.028125 0.045833 
