0 0.578906 0.663194 0.041406 0.113889 
2 0.285938 0.665278 0.025781 0.044444 
0 0.481250 0.681250 0.038281 0.108333 
2 0.386719 0.644444 0.025000 0.041667 
0 0.289844 0.718056 0.041406 0.109722 
0 0.677734 0.645833 0.042969 0.109722 
1 0.389844 0.725694 0.024219 0.043056 
2 0.673047 0.588194 0.026562 0.044444 
0 0.385937 0.699306 0.038281 0.108333 
1 0.484766 0.707639 0.025000 0.043056 
1 0.480859 0.623611 0.025781 0.043056 
2 0.579297 0.690972 0.025000 0.041667 
2 0.681641 0.671528 0.025000 0.043056 
2 0.675391 0.629167 0.027344 0.043056 
1 0.288672 0.745833 0.025781 0.043056 
2 0.293750 0.703472 0.025781 0.041667 
1 0.478125 0.663194 0.025000 0.041667 
