0 0.569922 0.667361 0.040625 0.112500 
2 0.377734 0.645833 0.024219 0.043056 
0 0.376172 0.702083 0.037500 0.109722 
0 0.278906 0.719444 0.040625 0.111111 
0 0.669141 0.649306 0.042188 0.108333 
2 0.664453 0.591667 0.026562 0.043056 
1 0.476172 0.710417 0.025000 0.043056 
0 0.472266 0.684722 0.039062 0.109722 
1 0.278516 0.747917 0.026562 0.044444 
2 0.275000 0.666667 0.026562 0.044444 
2 0.673047 0.675000 0.025000 0.044444 
1 0.380469 0.727778 0.024219 0.043056 
2 0.570703 0.693750 0.024219 0.041667 
1 0.472266 0.626389 0.025781 0.043056 
2 0.666406 0.633333 0.026562 0.043056 
1 0.371484 0.686806 0.024219 0.041667 
2 0.283203 0.705556 0.026562 0.041667 
1 0.571094 0.648611 0.027344 0.045833 
