0 0.571094 0.688889 0.041406 0.113889 
0 0.278125 0.740972 0.039062 0.108333 
2 0.377344 0.665278 0.025000 0.044444 
2 0.275000 0.685417 0.025781 0.044444 
1 0.476172 0.731944 0.025000 0.044444 
0 0.671484 0.670833 0.042969 0.111111 
2 0.667188 0.612500 0.026562 0.044444 
0 0.472656 0.705556 0.039062 0.112500 
1 0.378906 0.748611 0.024219 0.043056 
1 0.371484 0.708333 0.024219 0.043056 
2 0.571484 0.716667 0.025000 0.043056 
1 0.276562 0.768056 0.025781 0.043056 
1 0.472266 0.645139 0.025781 0.043056 
2 0.668750 0.655556 0.026562 0.044444 
2 0.675781 0.697917 0.026562 0.044444 
0 0.375781 0.722222 0.038281 0.111111 
2 0.282422 0.725000 0.026562 0.041667 
1 0.571875 0.670833 0.028125 0.047222 
