0 0.504687 0.704167 0.038281 0.113889 
0 0.198828 0.728472 0.042969 0.112500 
2 0.197266 0.670139 0.030469 0.048611 
0 0.305078 0.720139 0.036719 0.109722 
0 0.601172 0.698611 0.037500 0.105556 
0 0.405469 0.713194 0.037500 0.106944 
2 0.308984 0.661806 0.026562 0.047222 
2 0.598828 0.638889 0.025000 0.043056 
1 0.408594 0.738194 0.025000 0.043056 
2 0.605078 0.722222 0.024219 0.043056 
1 0.406641 0.654167 0.027344 0.047222 
2 0.503516 0.731250 0.025781 0.044444 
1 0.307812 0.745833 0.025781 0.044444 
1 0.195703 0.756944 0.029687 0.045833 
1 0.300781 0.705556 0.025000 0.044444 
1 0.402734 0.695139 0.025781 0.043056 
2 0.204297 0.713889 0.028906 0.048611 
