2 0.159375 0.674306 0.032031 0.051389 
0 0.159375 0.734722 0.046094 0.116667 
0 0.270313 0.729167 0.038281 0.112500 
0 0.571484 0.715278 0.035937 0.105556 
0 0.475000 0.718750 0.036719 0.112500 
0 0.374609 0.725000 0.038281 0.109722 
2 0.277344 0.670139 0.029687 0.048611 
2 0.167187 0.719444 0.032031 0.050000 
1 0.376953 0.750694 0.025781 0.044444 
1 0.379297 0.664583 0.027344 0.047222 
2 0.569531 0.657639 0.025000 0.044444 
1 0.273047 0.756944 0.026562 0.044444 
1 0.154297 0.765278 0.031250 0.047222 
2 0.574609 0.740278 0.024219 0.041667 
2 0.473438 0.745833 0.025781 0.043056 
1 0.266016 0.713889 0.026562 0.044444 
2 0.570312 0.699306 0.024219 0.040278 
1 0.477344 0.699306 0.027344 0.045833 
