0 0.312109 0.728472 0.038281 0.112500 
0 0.513672 0.702778 0.041406 0.118056 
2 0.203906 0.685417 0.029687 0.047222 
0 0.206250 0.741667 0.044531 0.115278 
0 0.614453 0.690278 0.041406 0.111111 
2 0.607812 0.631944 0.027344 0.045833 
0 0.413281 0.715278 0.039062 0.111111 
1 0.202734 0.770139 0.027344 0.045833 
1 0.417187 0.741667 0.025781 0.044444 
2 0.313672 0.668750 0.026562 0.047222 
1 0.413281 0.656250 0.028125 0.047222 
1 0.316016 0.755556 0.025781 0.044444 
2 0.617969 0.715972 0.025000 0.044444 
2 0.612500 0.673611 0.026562 0.044444 
2 0.514453 0.729861 0.027344 0.045833 
1 0.409766 0.698611 0.026562 0.043056 
1 0.307031 0.713889 0.025781 0.043056 
1 0.514062 0.683333 0.028906 0.048611 
2 0.213281 0.726389 0.028906 0.048611 
