2 0.345313 0.679167 0.026562 0.045833 
0 0.648828 0.702778 0.042188 0.112500 
0 0.544922 0.714583 0.039844 0.118056 
2 0.238281 0.694444 0.027344 0.047222 
0 0.242969 0.750694 0.042188 0.112500 
2 0.652344 0.729167 0.026562 0.047222 
0 0.342187 0.738889 0.036719 0.112500 
0 0.442578 0.725694 0.036719 0.113889 
2 0.645312 0.639583 0.028125 0.047222 
1 0.345703 0.763889 0.025000 0.045833 
1 0.445703 0.752778 0.025781 0.045833 
1 0.239063 0.777778 0.027344 0.045833 
2 0.545703 0.742361 0.027344 0.045833 
2 0.247656 0.736111 0.026562 0.043056 
1 0.338672 0.722917 0.026562 0.045833 
1 0.443750 0.664583 0.025000 0.044444 
1 0.438672 0.708333 0.024219 0.041667 
2 0.646875 0.685417 0.028125 0.045833 
1 0.546094 0.694444 0.028906 0.047222 
