0 0.342969 0.741667 0.035937 0.112500 
0 0.242969 0.752083 0.042188 0.112500 
2 0.238672 0.695833 0.027344 0.047222 
1 0.339062 0.726389 0.025781 0.045833 
0 0.444922 0.729861 0.037500 0.115278 
2 0.346484 0.681944 0.027344 0.045833 
0 0.653125 0.707639 0.042969 0.116667 
1 0.444531 0.668056 0.026562 0.045833 
2 0.649219 0.645833 0.027344 0.045833 
0 0.548047 0.719444 0.039844 0.119444 
2 0.656641 0.736111 0.027344 0.045833 
1 0.346875 0.768056 0.025000 0.044444 
1 0.239063 0.780556 0.027344 0.045833 
2 0.651563 0.689583 0.028125 0.045833 
1 0.448047 0.757639 0.026562 0.047222 
2 0.548828 0.747222 0.026562 0.045833 
2 0.246875 0.738194 0.027344 0.044444 
1 0.441406 0.711806 0.024219 0.043056 
