2 0.329688 0.697222 0.028125 0.047222 
2 0.218750 0.711806 0.029687 0.048611 
2 0.635938 0.658333 0.028125 0.047222 
0 0.534766 0.732639 0.039844 0.118056 
0 0.638672 0.720833 0.041406 0.115278 
0 0.222656 0.770833 0.042969 0.113889 
0 0.327734 0.759028 0.039062 0.115278 
0 0.430078 0.746528 0.039062 0.116667 
2 0.642969 0.748611 0.025781 0.044444 
1 0.433594 0.773611 0.025781 0.045833 
1 0.432031 0.683333 0.026562 0.044444 
1 0.331250 0.786111 0.025781 0.045833 
1 0.217969 0.800000 0.027344 0.045833 
2 0.534766 0.762500 0.027344 0.047222 
2 0.228516 0.756944 0.028906 0.047222 
1 0.323828 0.743056 0.026562 0.045833 
1 0.537109 0.712500 0.025781 0.044444 
1 0.426953 0.729167 0.025000 0.041667 
2 0.638281 0.703472 0.027344 0.044444 
