2 0.312891 0.731250 0.028906 0.050000 
2 0.196875 0.743056 0.030469 0.050000 
0 0.523047 0.772222 0.040625 0.125000 
1 0.416797 0.718056 0.028125 0.048611 
0 0.308984 0.793750 0.039062 0.120833 
0 0.198437 0.804167 0.044531 0.120833 
0 0.415625 0.783333 0.039062 0.122222 
0 0.629687 0.764583 0.041406 0.118056 
2 0.633594 0.793056 0.027344 0.047222 
2 0.626563 0.699306 0.027344 0.047222 
1 0.419141 0.812500 0.027344 0.048611 
1 0.194141 0.835417 0.031250 0.050000 
2 0.203906 0.788194 0.031250 0.050000 
1 0.311719 0.823611 0.027344 0.047222 
2 0.523438 0.802778 0.027344 0.047222 
1 0.412891 0.764583 0.027344 0.048611 
1 0.304688 0.777083 0.027344 0.047222 
2 0.627734 0.745139 0.028125 0.047222 
1 0.524609 0.752083 0.028906 0.048611 
