0 0.221875 0.781250 0.045312 0.122222 
0 0.328516 0.764583 0.039844 0.119444 
0 0.543359 0.733333 0.042188 0.122222 
2 0.331641 0.702083 0.028125 0.048611 
2 0.217578 0.721528 0.029687 0.048611 
1 0.439453 0.777083 0.026562 0.048611 
0 0.435937 0.748611 0.039844 0.120833 
2 0.654687 0.745139 0.026562 0.047222 
2 0.645703 0.654167 0.028125 0.047222 
1 0.435547 0.683333 0.027344 0.047222 
1 0.217578 0.811111 0.028906 0.048611 
0 0.651172 0.716667 0.044531 0.116667 
1 0.332813 0.793056 0.027344 0.047222 
2 0.226953 0.765278 0.031250 0.048611 
2 0.543750 0.763194 0.027344 0.047222 
1 0.544922 0.713194 0.028906 0.048611 
2 0.649219 0.698611 0.028906 0.047222 
1 0.432031 0.729167 0.026562 0.045833 
