0 0.539062 0.715972 0.045312 0.125000 
0 0.214453 0.779167 0.049219 0.123611 
2 0.208594 0.718750 0.030469 0.051389 
0 0.431250 0.736111 0.041406 0.120833 
1 0.429688 0.672222 0.028125 0.047222 
1 0.434766 0.765278 0.028125 0.048611 
0 0.646484 0.695833 0.046875 0.120833 
2 0.640625 0.632639 0.029687 0.048611 
0 0.323828 0.758333 0.042969 0.123611 
2 0.325391 0.695139 0.028125 0.048611 
1 0.328516 0.786806 0.026562 0.048611 
1 0.211328 0.810417 0.030469 0.050000 
2 0.650391 0.723611 0.027344 0.048611 
2 0.540234 0.745833 0.028125 0.047222 
2 0.643359 0.677083 0.029687 0.048611 
1 0.318750 0.742361 0.028125 0.048611 
1 0.426563 0.718750 0.026562 0.045833 
1 0.539844 0.695139 0.029687 0.050000 
2 0.218359 0.763194 0.032813 0.050000 
