1 0.438281 0.664583 0.028125 0.048611 
0 0.439453 0.728472 0.042188 0.122222 
0 0.547656 0.708333 0.045312 0.126389 
2 0.333984 0.686806 0.028125 0.048611 
2 0.217969 0.710417 0.031250 0.051389 
0 0.332031 0.749306 0.042188 0.122222 
2 0.650391 0.625000 0.029687 0.048611 
0 0.223828 0.770139 0.046875 0.122222 
0 0.656641 0.688194 0.046094 0.120833 
2 0.660547 0.717361 0.028125 0.050000 
1 0.220703 0.800694 0.030469 0.050000 
1 0.443750 0.758333 0.028125 0.048611 
1 0.336328 0.777778 0.027344 0.047222 
1 0.326562 0.732639 0.027344 0.047222 
2 0.653906 0.668750 0.030469 0.048611 
2 0.549219 0.738889 0.029687 0.048611 
1 0.435156 0.710417 0.027344 0.045833 
1 0.548047 0.687500 0.031250 0.051389 
2 0.227344 0.754167 0.031250 0.047222 
