0 0.563281 0.705556 0.046875 0.127778 
2 0.678516 0.712500 0.028906 0.048611 
0 0.347656 0.749306 0.042969 0.120833 
2 0.234766 0.711806 0.030469 0.050000 
0 0.454297 0.727083 0.043750 0.125000 
0 0.241016 0.770833 0.048438 0.125000 
2 0.348438 0.686806 0.028125 0.048611 
1 0.458594 0.756250 0.028125 0.048611 
0 0.674219 0.683333 0.050000 0.125000 
1 0.453125 0.663194 0.028906 0.048611 
2 0.667969 0.620833 0.030469 0.050000 
1 0.352344 0.778472 0.027344 0.047222 
1 0.237109 0.802778 0.029687 0.050000 
2 0.564453 0.735417 0.028906 0.048611 
1 0.450000 0.709722 0.027344 0.045833 
2 0.245312 0.756250 0.030469 0.047222 
1 0.342578 0.733333 0.027344 0.045833 
1 0.563281 0.686111 0.032031 0.051389 
