0 0.246094 0.786111 0.048438 0.125000 
0 0.569922 0.720139 0.046875 0.127778 
1 0.464844 0.770139 0.028125 0.050000 
2 0.353906 0.700000 0.028125 0.048611 
2 0.239453 0.726389 0.030469 0.051389 
1 0.458984 0.676389 0.028906 0.048611 
2 0.685156 0.727778 0.028125 0.050000 
0 0.680078 0.697917 0.049219 0.125000 
0 0.352734 0.763889 0.043750 0.123611 
0 0.460156 0.741667 0.043750 0.123611 
1 0.357422 0.791667 0.027344 0.048611 
2 0.571094 0.750694 0.028125 0.048611 
1 0.242578 0.816667 0.031250 0.048611 
1 0.348047 0.745833 0.028906 0.050000 
2 0.673828 0.634028 0.029687 0.050000 
1 0.455078 0.723611 0.027344 0.047222 
1 0.570312 0.698611 0.032031 0.052778 
2 0.678125 0.679861 0.030469 0.048611 
2 0.249219 0.770139 0.031250 0.047222 
