2 0.362891 0.729861 0.029687 0.050000 
0 0.580078 0.754167 0.047656 0.133333 
0 0.251953 0.814583 0.048438 0.125000 
2 0.685156 0.669444 0.029687 0.050000 
0 0.691406 0.734028 0.050000 0.126389 
2 0.247656 0.753472 0.031250 0.050000 
0 0.469531 0.773611 0.042969 0.127778 
0 0.360938 0.793056 0.042969 0.125000 
1 0.468359 0.708333 0.028906 0.050000 
2 0.696094 0.763889 0.028906 0.051389 
1 0.248828 0.845833 0.029687 0.050000 
1 0.365625 0.822917 0.027344 0.048611 
1 0.473828 0.803472 0.028906 0.050000 
2 0.689063 0.713889 0.030469 0.050000 
2 0.581250 0.786111 0.029687 0.050000 
1 0.464844 0.754861 0.026562 0.045833 
2 0.256250 0.797222 0.031250 0.050000 
1 0.580469 0.734028 0.031250 0.048611 
