0 0.271094 0.792361 0.045312 0.120833 
2 0.266797 0.730556 0.030469 0.050000 
2 0.379688 0.708333 0.028125 0.048611 
0 0.596484 0.734028 0.046875 0.129167 
0 0.378516 0.772222 0.041406 0.125000 
2 0.703516 0.647917 0.030469 0.051389 
0 0.709375 0.713889 0.050781 0.126389 
0 0.485547 0.751389 0.042969 0.125000 
1 0.489844 0.781944 0.028125 0.048611 
2 0.714063 0.743056 0.028906 0.051389 
1 0.267578 0.822917 0.028125 0.047222 
1 0.484766 0.686111 0.028125 0.048611 
2 0.275391 0.775000 0.029687 0.048611 
1 0.382812 0.800000 0.026562 0.047222 
1 0.373437 0.754861 0.026562 0.045833 
2 0.596875 0.763889 0.028125 0.048611 
1 0.598828 0.712500 0.028125 0.047222 
2 0.707031 0.695139 0.030469 0.050000 
