0 0.459375 0.715278 0.039062 0.118056 
0 0.682813 0.692361 0.047656 0.130556 
2 0.353125 0.670139 0.028125 0.047222 
0 0.358203 0.727083 0.042188 0.115278 
2 0.460938 0.652778 0.027344 0.048611 
1 0.565234 0.637500 0.028906 0.050000 
0 0.808984 0.676389 0.056250 0.134722 
0 0.565625 0.702778 0.042969 0.125000 
2 0.804297 0.607639 0.035156 0.054167 
2 0.683984 0.722917 0.031250 0.052778 
2 0.814453 0.709028 0.033594 0.056944 
1 0.569922 0.733333 0.028906 0.048611 
1 0.356250 0.756944 0.027344 0.044444 
2 0.361719 0.713889 0.027344 0.044444 
2 0.807813 0.657639 0.035156 0.054167 
1 0.453906 0.700000 0.025781 0.047222 
1 0.684766 0.669444 0.032031 0.051389 
1 0.462500 0.744444 0.025781 0.045833 
1 0.560937 0.686111 0.026562 0.047222 
