0 0.727344 0.667361 0.050781 0.136111 
2 0.496484 0.627778 0.027344 0.048611 
0 0.395703 0.699306 0.039844 0.113889 
0 0.603516 0.677778 0.044531 0.127778 
0 0.862109 0.654167 0.058594 0.138889 
1 0.602734 0.612500 0.031250 0.052778 
2 0.390625 0.642361 0.027344 0.045833 
0 0.495312 0.689583 0.039844 0.118056 
2 0.855859 0.581944 0.036719 0.055556 
2 0.867188 0.687500 0.034375 0.056944 
2 0.726953 0.700000 0.034375 0.052778 
2 0.859375 0.632639 0.035937 0.056944 
1 0.608203 0.709028 0.028906 0.048611 
1 0.393359 0.727778 0.025781 0.044444 
1 0.499219 0.717361 0.025781 0.045833 
1 0.490625 0.672222 0.026562 0.045833 
1 0.730469 0.645139 0.032031 0.051389 
1 0.600000 0.660417 0.028906 0.048611 
