0 0.751172 0.661806 0.050000 0.137500 
2 0.410938 0.624306 0.026562 0.045833 
0 0.892188 0.650694 0.060937 0.141667 
0 0.625000 0.668056 0.042969 0.126389 
2 0.886328 0.578472 0.039062 0.058333 
0 0.415234 0.679861 0.039844 0.113889 
0 0.515234 0.673611 0.038281 0.118056 
2 0.896875 0.686111 0.037500 0.059722 
2 0.516406 0.613889 0.027344 0.047222 
1 0.628906 0.698611 0.030469 0.051389 
2 0.751563 0.693750 0.034375 0.054167 
1 0.519141 0.702778 0.026562 0.045833 
2 0.889062 0.629861 0.038281 0.058333 
1 0.413672 0.709028 0.026562 0.044444 
1 0.625000 0.602083 0.031250 0.055556 
1 0.620703 0.647917 0.029687 0.050000 
1 0.754297 0.640278 0.034375 0.054167 
1 0.511328 0.657639 0.026562 0.045833 
2 0.418359 0.665278 0.025781 0.043056 
