0 0.628906 0.685417 0.041406 0.126389 
0 0.755859 0.683333 0.047656 0.134722 
0 0.896094 0.679861 0.057031 0.143056 
2 0.520312 0.625000 0.027344 0.048611 
0 0.417969 0.688194 0.038281 0.112500 
0 0.517969 0.686806 0.036719 0.118056 
1 0.628906 0.618056 0.030469 0.052778 
2 0.892578 0.605556 0.039062 0.059722 
2 0.900781 0.715278 0.037500 0.059722 
2 0.413281 0.631250 0.026562 0.045833 
2 0.754687 0.716667 0.033594 0.054167 
1 0.625000 0.665278 0.029687 0.050000 
1 0.632422 0.715972 0.030469 0.051389 
1 0.521094 0.715972 0.025781 0.045833 
1 0.514062 0.670139 0.026562 0.047222 
2 0.894922 0.657639 0.039062 0.059722 
1 0.416016 0.718056 0.026562 0.043056 
1 0.759375 0.661806 0.032031 0.054167 
2 0.421875 0.675000 0.026562 0.047222 
