0 0.480469 0.679861 0.036719 0.118056 
0 0.379297 0.678472 0.037500 0.112500 
0 0.707422 0.685417 0.044531 0.130556 
0 0.588672 0.682639 0.039844 0.123611 
0 0.835547 0.686806 0.050781 0.134722 
1 0.589453 0.617361 0.030469 0.052778 
2 0.376563 0.620833 0.026562 0.045833 
2 0.484375 0.618750 0.025781 0.047222 
2 0.833984 0.617361 0.035156 0.058333 
1 0.483594 0.708333 0.025781 0.047222 
1 0.590625 0.712500 0.028906 0.050000 
2 0.706250 0.717361 0.031250 0.052778 
1 0.476562 0.662500 0.026562 0.045833 
2 0.383984 0.663889 0.026562 0.044444 
1 0.377344 0.706250 0.026562 0.044444 
2 0.839453 0.720139 0.033594 0.055556 
1 0.711719 0.663889 0.030469 0.051389 
1 0.585547 0.664583 0.028125 0.048611 
2 0.834766 0.668750 0.033594 0.054167 
