2 0.484766 0.606250 0.025781 0.045833 
2 0.377734 0.606250 0.025781 0.044444 
2 0.830078 0.613889 0.033594 0.055556 
0 0.705078 0.677083 0.042969 0.126389 
0 0.831250 0.682639 0.049219 0.133333 
0 0.587891 0.672222 0.039062 0.118056 
0 0.380078 0.662500 0.037500 0.109722 
0 0.480469 0.666667 0.036719 0.116667 
1 0.588281 0.607639 0.028906 0.052778 
1 0.589453 0.700694 0.028125 0.048611 
2 0.829297 0.664583 0.032813 0.052778 
1 0.376953 0.688889 0.025781 0.043056 
2 0.703125 0.708333 0.030469 0.051389 
2 0.834766 0.715972 0.032813 0.054167 
1 0.482422 0.694444 0.025000 0.044444 
2 0.385156 0.647917 0.025781 0.044444 
1 0.476562 0.650000 0.025781 0.045833 
1 0.583594 0.653472 0.027344 0.047222 
1 0.708594 0.657639 0.028906 0.050000 
