0 0.726562 0.662500 0.046094 0.130556 
2 0.501953 0.600694 0.028125 0.048611 
2 0.393750 0.606250 0.028125 0.047222 
0 0.396875 0.662500 0.039062 0.109722 
0 0.856250 0.660417 0.053125 0.134722 
0 0.605469 0.661111 0.040625 0.120833 
2 0.855078 0.589583 0.036719 0.055556 
0 0.498828 0.661806 0.037500 0.115278 
2 0.859375 0.693056 0.035156 0.054167 
2 0.401562 0.647917 0.025781 0.044444 
1 0.500781 0.688889 0.025781 0.044444 
2 0.725000 0.692361 0.031250 0.051389 
1 0.607422 0.597222 0.029687 0.051389 
1 0.608594 0.690972 0.028125 0.048611 
1 0.394141 0.688889 0.027344 0.044444 
2 0.854297 0.640278 0.035156 0.055556 
1 0.601953 0.642361 0.028125 0.045833 
1 0.729688 0.640278 0.032031 0.051389 
