0 0.681250 0.669444 0.043750 0.125000 
2 0.464062 0.612500 0.027344 0.050000 
0 0.356641 0.676389 0.039062 0.113889 
0 0.566406 0.672222 0.039844 0.116667 
0 0.800000 0.666667 0.046094 0.126389 
0 0.460156 0.673611 0.037500 0.115278 
2 0.354297 0.619444 0.028906 0.047222 
1 0.567578 0.606944 0.029687 0.051389 
2 0.802734 0.696528 0.030469 0.051389 
2 0.800000 0.597917 0.033594 0.052778 
1 0.568750 0.700000 0.028125 0.048611 
2 0.679297 0.700000 0.029687 0.050000 
1 0.354687 0.704167 0.027344 0.045833 
1 0.462109 0.701389 0.025781 0.045833 
1 0.684766 0.648611 0.028906 0.050000 
1 0.456250 0.656944 0.025781 0.045833 
2 0.799609 0.646528 0.031250 0.051389 
1 0.562891 0.652083 0.028125 0.047222 
