0 0.433203 0.683333 0.036719 0.118056 
0 0.327734 0.686111 0.039062 0.115278 
0 0.538281 0.679167 0.038281 0.118056 
2 0.324609 0.629167 0.028125 0.047222 
2 0.436719 0.621528 0.026562 0.048611 
0 0.762500 0.672917 0.043750 0.120833 
1 0.539844 0.616667 0.028125 0.048611 
2 0.762109 0.607639 0.032031 0.052778 
1 0.541016 0.708333 0.027344 0.048611 
2 0.765625 0.702083 0.028125 0.048611 
2 0.648828 0.706250 0.028125 0.048611 
1 0.435547 0.711111 0.025781 0.045833 
1 0.325391 0.715278 0.027344 0.047222 
0 0.649609 0.677778 0.041406 0.125000 
2 0.762109 0.653472 0.029687 0.048611 
1 0.429688 0.665278 0.025781 0.045833 
1 0.653516 0.655556 0.028906 0.048611 
1 0.535547 0.660417 0.027344 0.047222 
2 0.332422 0.672222 0.027344 0.045833 
