2 0.424219 0.627083 0.027344 0.050000 
0 0.636328 0.682639 0.039062 0.119444 
0 0.314063 0.691667 0.039844 0.116667 
2 0.744531 0.615972 0.029687 0.050000 
0 0.526172 0.686111 0.039062 0.118056 
0 0.420312 0.688194 0.037500 0.116667 
0 0.746094 0.679861 0.042188 0.119444 
2 0.311328 0.633333 0.028125 0.047222 
1 0.527344 0.621528 0.027344 0.048611 
1 0.528516 0.713889 0.027344 0.048611 
2 0.749219 0.709028 0.028125 0.050000 
2 0.635156 0.711806 0.028125 0.048611 
1 0.423047 0.716667 0.025781 0.045833 
1 0.311719 0.720833 0.027344 0.045833 
2 0.318750 0.677083 0.027344 0.047222 
2 0.744531 0.661806 0.029687 0.048611 
1 0.416797 0.671528 0.025781 0.044444 
1 0.523047 0.667361 0.027344 0.047222 
1 0.638281 0.661806 0.028125 0.048611 
