0 0.625391 0.686806 0.039844 0.120833 
0 0.411719 0.694444 0.036719 0.115278 
0 0.734375 0.683333 0.042969 0.119444 
0 0.517188 0.690278 0.037500 0.118056 
1 0.518750 0.627778 0.027344 0.048611 
2 0.416016 0.631944 0.026562 0.048611 
2 0.302344 0.638889 0.028906 0.047222 
0 0.304297 0.698611 0.039844 0.116667 
2 0.733203 0.620139 0.029687 0.050000 
1 0.519531 0.719444 0.027344 0.047222 
1 0.302344 0.727778 0.028125 0.047222 
1 0.413672 0.722917 0.025781 0.047222 
2 0.737500 0.713194 0.028125 0.048611 
1 0.407813 0.677778 0.026562 0.045833 
2 0.308984 0.683333 0.028125 0.045833 
2 0.732812 0.666667 0.029687 0.048611 
2 0.624609 0.715972 0.028125 0.048611 
1 0.513281 0.672917 0.027344 0.047222 
1 0.628906 0.665972 0.029687 0.050000 
