0 0.300391 0.700694 0.039844 0.118056 
0 0.621094 0.692361 0.039844 0.119444 
0 0.407813 0.698611 0.037500 0.116667 
2 0.727734 0.627083 0.029687 0.048611 
2 0.297656 0.640972 0.029687 0.047222 
0 0.729297 0.689583 0.042188 0.118056 
1 0.515234 0.631250 0.028125 0.048611 
0 0.513281 0.694444 0.038281 0.118056 
2 0.412109 0.636111 0.027344 0.050000 
1 0.515625 0.722917 0.027344 0.048611 
1 0.410547 0.725694 0.026562 0.047222 
1 0.403906 0.681250 0.026562 0.045833 
2 0.732031 0.718750 0.028906 0.050000 
2 0.620703 0.722222 0.028125 0.047222 
2 0.728516 0.670833 0.028906 0.048611 
1 0.297656 0.729861 0.028125 0.047222 
1 0.509766 0.676389 0.026562 0.047222 
1 0.624219 0.673611 0.028906 0.050000 
2 0.304688 0.684722 0.028906 0.047222 
1 0.612891 0.599306 0.026562 0.052778 
