2 0.420312 0.643750 0.025781 0.047222 
2 0.307031 0.648611 0.028125 0.048611 
0 0.628906 0.703472 0.039844 0.120833 
1 0.522656 0.732639 0.027344 0.048611 
0 0.520703 0.704167 0.037500 0.118056 
0 0.415625 0.704167 0.036719 0.116667 
2 0.736328 0.638194 0.029687 0.050000 
0 0.308594 0.706944 0.039844 0.113889 
2 0.628516 0.734028 0.028125 0.048611 
2 0.739844 0.731250 0.028125 0.048611 
0 0.737500 0.702083 0.042188 0.118056 
1 0.418750 0.733333 0.025781 0.045833 
1 0.522656 0.640278 0.026562 0.047222 
1 0.625781 0.634722 0.030469 0.054167 
1 0.305469 0.736111 0.027344 0.047222 
2 0.313672 0.693056 0.027344 0.047222 
1 0.412109 0.688889 0.025781 0.047222 
1 0.517188 0.686111 0.025781 0.044444 
2 0.735938 0.684722 0.028906 0.048611 
1 0.632031 0.684028 0.028125 0.045833 
