2 0.423047 0.644444 0.027344 0.048611 
0 0.632422 0.705556 0.039062 0.119444 
2 0.739844 0.640972 0.029687 0.048611 
0 0.524219 0.706250 0.038281 0.118056 
2 0.310156 0.648611 0.028125 0.047222 
0 0.312500 0.706944 0.040625 0.115278 
0 0.419141 0.705556 0.036719 0.115278 
1 0.526172 0.734028 0.027344 0.047222 
0 0.741797 0.704167 0.042188 0.119444 
1 0.526172 0.641667 0.027344 0.047222 
2 0.744141 0.735417 0.028906 0.048611 
1 0.421484 0.733333 0.025781 0.045833 
1 0.633203 0.645139 0.028125 0.051389 
2 0.631250 0.736111 0.028125 0.048611 
1 0.309375 0.735417 0.028125 0.045833 
2 0.740234 0.687500 0.029687 0.048611 
1 0.414062 0.688194 0.025781 0.045833 
1 0.635547 0.688889 0.026562 0.045833 
