2 0.427344 0.644444 0.026562 0.048611 
2 0.314844 0.647917 0.028125 0.048611 
0 0.747266 0.704167 0.042969 0.119444 
0 0.637109 0.704861 0.040625 0.119444 
0 0.317188 0.706250 0.040625 0.115278 
1 0.530469 0.733333 0.027344 0.048611 
0 0.528906 0.704861 0.037500 0.116667 
2 0.744922 0.640278 0.029687 0.048611 
0 0.423438 0.705556 0.036719 0.113889 
1 0.426172 0.732639 0.025781 0.045833 
1 0.530859 0.641667 0.027344 0.047222 
1 0.639062 0.642361 0.028906 0.052778 
2 0.749219 0.734028 0.028125 0.048611 
1 0.314844 0.734722 0.028125 0.045833 
2 0.635938 0.734028 0.028125 0.047222 
2 0.321484 0.691667 0.026562 0.045833 
1 0.524609 0.686111 0.025781 0.045833 
2 0.745703 0.686111 0.029687 0.048611 
1 0.419922 0.688889 0.025781 0.044444 
