2 0.437109 0.647917 0.027344 0.048611 
0 0.327344 0.709722 0.039844 0.115278 
2 0.325000 0.651389 0.027344 0.047222 
0 0.433203 0.709028 0.036719 0.115278 
2 0.756641 0.644444 0.031250 0.052778 
1 0.540234 0.645833 0.028125 0.050000 
0 0.648047 0.709028 0.041406 0.122222 
0 0.538281 0.708333 0.039062 0.118056 
0 0.759375 0.706944 0.044531 0.120833 
1 0.541016 0.737500 0.027344 0.045833 
2 0.646484 0.738194 0.028125 0.048611 
1 0.436719 0.736111 0.025000 0.045833 
1 0.648438 0.646528 0.028906 0.054167 
1 0.325000 0.738194 0.027344 0.045833 
2 0.762500 0.737500 0.029687 0.048611 
1 0.428906 0.690972 0.025000 0.044444 
1 0.652344 0.689583 0.025781 0.045833 
2 0.758203 0.690972 0.029687 0.050000 
2 0.332031 0.694444 0.026562 0.045833 
1 0.534766 0.689583 0.026562 0.047222 
