0 0.345313 0.719444 0.038281 0.115278 
0 0.667578 0.718750 0.042188 0.123611 
2 0.453516 0.656250 0.026562 0.048611 
0 0.781250 0.716667 0.045312 0.123611 
1 0.556641 0.653472 0.028125 0.048611 
2 0.779687 0.650694 0.032031 0.050000 
0 0.556250 0.718750 0.039062 0.118056 
2 0.343359 0.662500 0.028906 0.048611 
1 0.558594 0.746528 0.027344 0.048611 
2 0.784766 0.747222 0.030469 0.050000 
1 0.453516 0.745833 0.025000 0.045833 
1 0.664844 0.655556 0.030469 0.052778 
2 0.779687 0.698611 0.031250 0.051389 
2 0.666406 0.747917 0.030469 0.048611 
1 0.342969 0.747917 0.027344 0.045833 
0 0.450391 0.718056 0.037500 0.120833 
1 0.446484 0.701389 0.026562 0.045833 
1 0.551562 0.699306 0.026562 0.048611 
1 0.671484 0.699306 0.028906 0.050000 
