0 0.562109 0.730556 0.037500 0.119444 
0 0.455859 0.731250 0.035937 0.118056 
0 0.673438 0.730556 0.042188 0.123611 
2 0.786719 0.662500 0.030469 0.051389 
0 0.350781 0.731944 0.037500 0.116667 
0 0.789062 0.727778 0.046094 0.125000 
2 0.459375 0.670139 0.026562 0.048611 
2 0.348438 0.675000 0.028125 0.045833 
1 0.562891 0.665972 0.028125 0.050000 
1 0.670703 0.667361 0.029687 0.054167 
1 0.458594 0.759722 0.025000 0.047222 
2 0.671875 0.760417 0.029687 0.050000 
1 0.451953 0.713889 0.026562 0.047222 
1 0.564453 0.759722 0.028125 0.050000 
2 0.792188 0.759722 0.031250 0.051389 
1 0.348828 0.761111 0.027344 0.047222 
1 0.678516 0.713194 0.028125 0.048611 
1 0.558984 0.712500 0.027344 0.047222 
2 0.787891 0.709722 0.032031 0.051389 
2 0.354687 0.716667 0.026562 0.044444 
