2 0.451953 0.675000 0.026562 0.047222 
0 0.665234 0.738889 0.041406 0.123611 
0 0.554297 0.738194 0.038281 0.118056 
1 0.555469 0.672917 0.028125 0.048611 
0 0.342187 0.735417 0.040625 0.118056 
0 0.448047 0.736111 0.036719 0.118056 
2 0.776953 0.672917 0.032031 0.050000 
0 0.778906 0.738194 0.045312 0.123611 
2 0.341016 0.677778 0.028125 0.047222 
1 0.662891 0.675000 0.028906 0.051389 
1 0.556250 0.765972 0.028125 0.048611 
2 0.782031 0.768750 0.030469 0.051389 
2 0.663672 0.769444 0.029687 0.050000 
1 0.339844 0.764583 0.028125 0.047222 
1 0.443750 0.720139 0.025781 0.044444 
1 0.550000 0.718750 0.027344 0.047222 
2 0.777344 0.720139 0.031250 0.051389 
2 0.346484 0.721528 0.028125 0.045833 
1 0.450781 0.765278 0.025781 0.047222 
1 0.669922 0.720833 0.027344 0.048611 
