0 0.656641 0.730556 0.040625 0.122222 
2 0.445703 0.668750 0.025781 0.047222 
0 0.546484 0.728472 0.038281 0.120833 
2 0.766797 0.667361 0.031250 0.051389 
0 0.335938 0.727778 0.039844 0.115278 
0 0.768359 0.730556 0.043750 0.122222 
2 0.334375 0.670139 0.028125 0.047222 
0 0.441406 0.729167 0.035937 0.116667 
1 0.548438 0.666667 0.028125 0.050000 
1 0.653516 0.669444 0.028125 0.050000 
1 0.549219 0.758333 0.027344 0.048611 
1 0.333594 0.756944 0.028125 0.045833 
1 0.444141 0.757639 0.025781 0.047222 
2 0.771094 0.761806 0.029687 0.048611 
2 0.655469 0.761806 0.028906 0.050000 
1 0.661328 0.713194 0.026562 0.045833 
1 0.437891 0.713194 0.025781 0.047222 
2 0.767578 0.713889 0.030469 0.050000 
2 0.339844 0.713194 0.027344 0.045833 
1 0.543359 0.712500 0.026562 0.047222 
