0 0.431641 0.720833 0.035937 0.115278 
0 0.536328 0.720139 0.037500 0.116667 
0 0.754297 0.721528 0.043750 0.120833 
0 0.645312 0.722222 0.039062 0.120833 
2 0.324609 0.662500 0.028125 0.047222 
2 0.435937 0.659028 0.026562 0.048611 
1 0.538672 0.748611 0.027344 0.048611 
2 0.752734 0.657639 0.030469 0.051389 
1 0.427344 0.704167 0.025781 0.047222 
1 0.538281 0.656944 0.028125 0.048611 
1 0.642969 0.659722 0.028125 0.048611 
2 0.757031 0.750000 0.028906 0.048611 
1 0.434375 0.748611 0.025781 0.045833 
2 0.643359 0.750694 0.028906 0.048611 
0 0.326172 0.721528 0.039062 0.115278 
1 0.323437 0.748611 0.028125 0.045833 
2 0.752734 0.703472 0.029687 0.050000 
2 0.331250 0.706250 0.027344 0.044444 
1 0.532813 0.701389 0.026562 0.047222 
