2 0.317969 0.671528 0.028906 0.048611 
0 0.530078 0.725694 0.036719 0.115278 
0 0.745313 0.722222 0.042188 0.119444 
0 0.319922 0.728472 0.039062 0.116667 
2 0.743750 0.659722 0.029687 0.048611 
0 0.637891 0.725000 0.039062 0.119444 
2 0.430078 0.666667 0.026562 0.048611 
0 0.425391 0.727083 0.036719 0.116667 
1 0.532813 0.753472 0.026562 0.047222 
1 0.636328 0.662500 0.028906 0.050000 
1 0.532031 0.661806 0.028125 0.047222 
1 0.428125 0.755556 0.025781 0.047222 
2 0.636719 0.754861 0.028125 0.048611 
2 0.748828 0.751389 0.028906 0.048611 
1 0.317578 0.758333 0.028125 0.047222 
1 0.526172 0.706944 0.025781 0.044444 
2 0.324609 0.714583 0.027344 0.045833 
2 0.743750 0.705556 0.029687 0.048611 
1 0.422266 0.711111 0.025000 0.045833 
1 0.641797 0.707639 0.026562 0.047222 
