2 0.460156 0.695833 0.025781 0.047222 
0 0.667578 0.734028 0.041406 0.122222 
2 0.775781 0.657639 0.030469 0.050000 
0 0.355078 0.768750 0.041406 0.118056 
2 0.351172 0.712500 0.027344 0.045833 
0 0.457813 0.757639 0.037500 0.116667 
0 0.559766 0.746528 0.039062 0.116667 
0 0.778906 0.722222 0.046094 0.120833 
1 0.563281 0.773611 0.026562 0.047222 
2 0.782813 0.751389 0.028906 0.048611 
1 0.353516 0.797917 0.026562 0.044444 
1 0.662891 0.672917 0.027344 0.048611 
1 0.559766 0.682639 0.027344 0.047222 
2 0.359766 0.754861 0.026562 0.044444 
2 0.667578 0.764583 0.028125 0.048611 
1 0.460547 0.784722 0.024219 0.045833 
2 0.776563 0.704861 0.029687 0.048611 
1 0.453125 0.742361 0.025000 0.044444 
1 0.672266 0.714583 0.026562 0.045833 
1 0.555859 0.727778 0.026562 0.044444 
2 0.355859 0.725000 0.027344 0.052778 
