0 0.324219 0.792361 0.042188 0.116667 
2 0.429688 0.717361 0.026562 0.047222 
2 0.319922 0.734722 0.028906 0.047222 
0 0.633203 0.753472 0.042969 0.119444 
0 0.427344 0.779167 0.038281 0.116667 
0 0.528125 0.765972 0.039844 0.118056 
2 0.733203 0.678472 0.028125 0.047222 
1 0.528906 0.704861 0.027344 0.047222 
0 0.737500 0.740278 0.044531 0.116667 
1 0.430859 0.806250 0.024219 0.045833 
1 0.423047 0.763194 0.025781 0.044444 
2 0.632812 0.781250 0.027344 0.045833 
1 0.531641 0.793750 0.026562 0.045833 
1 0.322266 0.820833 0.028125 0.045833 
2 0.741406 0.768750 0.027344 0.047222 
1 0.628125 0.693750 0.026562 0.047222 
2 0.735156 0.722917 0.027344 0.045833 
1 0.636719 0.735417 0.025000 0.043056 
