0 0.512891 0.774306 0.036719 0.115278 
0 0.308594 0.800000 0.040625 0.115278 
2 0.415234 0.727778 0.025781 0.045833 
1 0.512500 0.713889 0.026562 0.047222 
0 0.411719 0.788889 0.036719 0.113889 
2 0.712109 0.690972 0.028125 0.045833 
0 0.614844 0.763889 0.041406 0.118056 
1 0.415234 0.814583 0.024219 0.044444 
2 0.719922 0.779861 0.026562 0.045833 
2 0.306641 0.743056 0.027344 0.045833 
0 0.715625 0.752083 0.044531 0.112500 
1 0.515625 0.802778 0.025000 0.045833 
1 0.610547 0.705556 0.028125 0.047222 
2 0.313281 0.785417 0.026562 0.044444 
2 0.614453 0.791667 0.026562 0.044444 
1 0.306250 0.828472 0.026562 0.044444 
1 0.408594 0.772917 0.025000 0.044444 
2 0.714453 0.734722 0.028125 0.045833 
1 0.618359 0.745139 0.025781 0.044444 
1 0.509766 0.756944 0.025781 0.045833 
