2 0.293359 0.717361 0.028125 0.047222 
0 0.296094 0.770833 0.038281 0.115278 
2 0.691797 0.673611 0.026562 0.044444 
0 0.596484 0.742361 0.037500 0.112500 
0 0.694141 0.731250 0.039844 0.111111 
0 0.496484 0.750694 0.036719 0.112500 
1 0.499609 0.777083 0.025000 0.044444 
2 0.401953 0.702778 0.025781 0.045833 
1 0.593750 0.685417 0.026562 0.045833 
0 0.398438 0.761111 0.035156 0.109722 
1 0.401953 0.787500 0.024219 0.044444 
1 0.293359 0.800000 0.026562 0.045833 
1 0.497266 0.691667 0.025781 0.044444 
2 0.697266 0.758333 0.025781 0.044444 
2 0.596094 0.768750 0.025000 0.043056 
2 0.300391 0.757639 0.026562 0.043056 
1 0.394531 0.745139 0.025000 0.043056 
2 0.692969 0.715972 0.026562 0.043056 
