2 0.407422 0.689583 0.025000 0.044444 
0 0.304688 0.759722 0.039844 0.115278 
2 0.300781 0.705556 0.027344 0.045833 
0 0.500781 0.734028 0.036719 0.108333 
2 0.692187 0.650694 0.025781 0.043056 
0 0.404297 0.746528 0.035937 0.108333 
0 0.696484 0.709028 0.041406 0.109722 
1 0.408203 0.772917 0.023438 0.041667 
1 0.500781 0.675694 0.025000 0.044444 
1 0.595313 0.665972 0.026562 0.044444 
1 0.303125 0.787500 0.026562 0.044444 
2 0.599219 0.747917 0.025781 0.043056 
1 0.504297 0.759722 0.023438 0.041667 
1 0.496875 0.717361 0.025000 0.044444 
2 0.700000 0.734722 0.024219 0.043056 
2 0.308594 0.747222 0.026562 0.043056 
1 0.400781 0.730556 0.024219 0.041667 
2 0.694531 0.693056 0.026562 0.043056 
0 0.599219 0.720833 0.038281 0.115278 
1 0.602344 0.704167 0.024219 0.040278 
