0 0.349219 0.749306 0.039062 0.104167 
0 0.632812 0.701389 0.041406 0.111111 
2 0.443750 0.676389 0.025000 0.043056 
0 0.442578 0.731944 0.036719 0.102778 
2 0.343750 0.696528 0.025781 0.043056 
2 0.726172 0.626389 0.027344 0.044444 
1 0.540234 0.741667 0.024219 0.041667 
0 0.535937 0.714583 0.038281 0.106944 
1 0.534766 0.659722 0.025781 0.043056 
0 0.731250 0.682639 0.044531 0.111111 
1 0.348438 0.773611 0.025781 0.043056 
2 0.735938 0.710417 0.025000 0.043056 
2 0.633594 0.727778 0.025781 0.043056 
1 0.446094 0.756944 0.022656 0.040278 
1 0.530859 0.700694 0.024219 0.041667 
1 0.628125 0.643750 0.025781 0.043056 
1 0.439453 0.716667 0.024219 0.040278 
2 0.730078 0.666667 0.027344 0.044444 
2 0.352734 0.734028 0.025000 0.038889 
1 0.632812 0.661806 0.026562 0.050000 
