0 0.350391 0.750000 0.036719 0.102778 
2 0.444141 0.679861 0.024219 0.043056 
0 0.630859 0.707639 0.040625 0.111111 
0 0.442578 0.734028 0.035156 0.101389 
2 0.725000 0.636111 0.026562 0.044444 
0 0.534375 0.720833 0.037500 0.105556 
2 0.345703 0.696528 0.025000 0.043056 
1 0.538281 0.745833 0.025000 0.043056 
0 0.728516 0.693056 0.042188 0.108333 
1 0.349219 0.773611 0.025000 0.041667 
1 0.445703 0.759028 0.022656 0.040278 
1 0.534375 0.663889 0.024219 0.043056 
2 0.733594 0.718750 0.025000 0.043056 
2 0.632422 0.733333 0.026562 0.043056 
1 0.628516 0.655556 0.027344 0.050000 
1 0.439453 0.720139 0.023438 0.038889 
2 0.727734 0.678472 0.026562 0.043056 
1 0.530859 0.704167 0.024219 0.041667 
1 0.633594 0.689583 0.024219 0.038889 
2 0.353516 0.735417 0.024219 0.038889 
