2 0.441406 0.693056 0.023438 0.043056 
0 0.627344 0.728472 0.036719 0.108333 
0 0.347266 0.757639 0.035937 0.104167 
0 0.530859 0.738889 0.034375 0.105556 
2 0.344922 0.706944 0.024219 0.041667 
0 0.439453 0.747917 0.033594 0.104167 
2 0.720313 0.661111 0.026562 0.044444 
1 0.622656 0.675000 0.025000 0.045833 
1 0.442188 0.772222 0.022656 0.041667 
0 0.723828 0.719444 0.040625 0.106944 
2 0.727734 0.743750 0.024219 0.043056 
1 0.531250 0.682639 0.024219 0.041667 
2 0.627344 0.754167 0.025781 0.043056 
1 0.346094 0.783333 0.025000 0.043056 
1 0.534375 0.763194 0.023438 0.041667 
2 0.721484 0.703472 0.025781 0.043056 
1 0.629687 0.710417 0.025000 0.040278 
2 0.351172 0.744444 0.022656 0.038889 
1 0.527734 0.722222 0.024219 0.041667 
1 0.436328 0.732639 0.022656 0.040278 
