2 0.352344 0.706250 0.025000 0.040278 
0 0.727344 0.747222 0.039062 0.111111 
0 0.353516 0.756944 0.035156 0.102778 
0 0.630078 0.752083 0.036719 0.106944 
2 0.725000 0.689583 0.025781 0.043056 
0 0.535547 0.752083 0.034375 0.104167 
0 0.444531 0.754861 0.032031 0.101389 
2 0.447656 0.700694 0.023438 0.043056 
1 0.538281 0.776389 0.023438 0.041667 
1 0.352344 0.781250 0.025000 0.041667 
1 0.535937 0.695833 0.024219 0.043056 
2 0.731250 0.773611 0.025000 0.043056 
2 0.629687 0.776389 0.025000 0.043056 
1 0.446875 0.779167 0.022656 0.040278 
1 0.627344 0.695139 0.025781 0.047222 
1 0.441406 0.739583 0.021875 0.037500 
1 0.633203 0.734028 0.022656 0.037500 
2 0.357031 0.744444 0.024219 0.038889 
2 0.726172 0.729861 0.025781 0.043056 
