0 0.437500 0.734722 0.031250 0.098611 
1 0.528906 0.685417 0.022656 0.040278 
0 0.348828 0.733333 0.032813 0.100000 
2 0.712891 0.688889 0.025000 0.043056 
0 0.619531 0.742361 0.034375 0.105556 
0 0.526953 0.738889 0.032813 0.101389 
2 0.346484 0.682639 0.023438 0.038889 
0 0.714063 0.745139 0.035937 0.105556 
2 0.716797 0.770139 0.024219 0.043056 
2 0.441797 0.683333 0.021875 0.040278 
1 0.528125 0.763194 0.021875 0.040278 
2 0.617969 0.768056 0.024219 0.041667 
1 0.438672 0.759722 0.021094 0.038889 
1 0.617969 0.687500 0.024219 0.041667 
1 0.346094 0.757639 0.022656 0.037500 
1 0.435156 0.721528 0.021875 0.038889 
2 0.351562 0.720139 0.022656 0.038889 
1 0.523047 0.722917 0.022656 0.040278 
