0 0.423828 0.710417 0.031250 0.098611 
0 0.511328 0.712500 0.032031 0.098611 
0 0.334766 0.709722 0.034375 0.094444 
0 0.693750 0.718750 0.034375 0.101389 
0 0.601562 0.718056 0.032813 0.100000 
2 0.334375 0.659722 0.024219 0.040278 
2 0.427734 0.659028 0.021875 0.040278 
1 0.600781 0.663889 0.025000 0.043056 
2 0.692578 0.664583 0.023438 0.041667 
2 0.696094 0.743056 0.023438 0.040278 
1 0.333203 0.731944 0.023438 0.038889 
1 0.425000 0.734722 0.021875 0.037500 
1 0.512109 0.661111 0.023438 0.040278 
1 0.512891 0.736806 0.022656 0.038889 
2 0.337891 0.697222 0.023438 0.038889 
2 0.600391 0.740972 0.021875 0.040278 
2 0.692969 0.704861 0.022656 0.040278 
1 0.420703 0.696528 0.021094 0.037500 
1 0.603906 0.700000 0.022656 0.038889 
