0 0.593359 0.696528 0.032813 0.100000 
0 0.417578 0.700694 0.030469 0.097222 
0 0.683594 0.693750 0.032813 0.098611 
2 0.327734 0.654861 0.022656 0.038889 
0 0.328906 0.704861 0.032813 0.097222 
2 0.682422 0.640278 0.022656 0.041667 
2 0.420703 0.649306 0.021875 0.038889 
0 0.504297 0.698611 0.032031 0.097222 
1 0.505078 0.646528 0.024219 0.041667 
1 0.327344 0.727778 0.023438 0.040278 
1 0.506250 0.720833 0.021875 0.037500 
2 0.686719 0.718056 0.022656 0.038889 
2 0.592578 0.721528 0.022656 0.038889 
1 0.419531 0.723611 0.021094 0.038889 
1 0.591406 0.643750 0.025000 0.041667 
2 0.682422 0.679861 0.022656 0.040278 
1 0.503125 0.654861 0.025000 0.050000 
2 0.332422 0.690278 0.022656 0.038889 
1 0.414453 0.686111 0.021875 0.037500 
1 0.594922 0.662500 0.025000 0.054167 
