0 0.435156 0.678472 0.029687 0.095833 
0 0.608594 0.670833 0.034375 0.101389 
0 0.348438 0.685417 0.032813 0.094444 
2 0.345703 0.638194 0.022656 0.037500 
0 0.519922 0.675000 0.032813 0.098611 
0 0.698828 0.666667 0.033594 0.097222 
1 0.347656 0.709028 0.021875 0.037500 
2 0.696875 0.613194 0.023438 0.043056 
2 0.437500 0.629861 0.021094 0.038889 
1 0.520312 0.623611 0.023438 0.040278 
2 0.701953 0.688889 0.022656 0.038889 
1 0.521875 0.698611 0.021875 0.038889 
1 0.436328 0.703472 0.020313 0.036111 
2 0.607422 0.695833 0.021094 0.037500 
2 0.350781 0.673611 0.021875 0.037500 
1 0.606641 0.621528 0.024219 0.041667 
