0 0.455859 0.675694 0.030469 0.094444 
0 0.540625 0.671528 0.033594 0.097222 
2 0.368750 0.636111 0.023438 0.037500 
2 0.726562 0.684722 0.022656 0.040278 
0 0.371875 0.680556 0.032813 0.094444 
1 0.371094 0.704167 0.021875 0.037500 
0 0.629297 0.668056 0.035937 0.101389 
0 0.723047 0.660417 0.035937 0.100000 
2 0.628906 0.690972 0.022656 0.038889 
2 0.458203 0.626389 0.021875 0.038889 
2 0.719922 0.607639 0.024219 0.041667 
1 0.543750 0.693750 0.021875 0.038889 
1 0.539844 0.619444 0.023438 0.038889 
1 0.626563 0.618750 0.025781 0.043056 
1 0.458203 0.699306 0.020313 0.037500 
2 0.375391 0.670833 0.021875 0.036111 
2 0.720703 0.645139 0.023438 0.038889 
