0 0.472656 0.691667 0.030469 0.095833 
0 0.557031 0.688889 0.033594 0.097222 
0 0.647266 0.682639 0.035937 0.101389 
0 0.742188 0.677083 0.038281 0.102778 
0 0.388672 0.698611 0.032813 0.098611 
2 0.647266 0.707639 0.022656 0.038889 
2 0.745703 0.702083 0.024219 0.040278 
2 0.474609 0.644444 0.021094 0.037500 
1 0.557422 0.637500 0.022656 0.038889 
2 0.738672 0.622222 0.025000 0.041667 
1 0.560156 0.712500 0.021875 0.037500 
2 0.387109 0.653472 0.021875 0.037500 
1 0.644141 0.634722 0.025000 0.044444 
1 0.388281 0.721528 0.021875 0.037500 
1 0.475391 0.715972 0.020313 0.037500 
