0 0.388672 0.714583 0.031250 0.093056 
0 0.471094 0.709722 0.030469 0.094444 
0 0.644922 0.697917 0.035937 0.102778 
0 0.739453 0.693056 0.035937 0.100000 
0 0.555469 0.704167 0.032813 0.098611 
2 0.473047 0.661111 0.021875 0.038889 
1 0.557813 0.727083 0.021875 0.038889 
2 0.385937 0.669444 0.021875 0.037500 
2 0.742578 0.717361 0.023438 0.040278 
1 0.555469 0.653472 0.023438 0.041667 
2 0.644531 0.723611 0.023438 0.040278 
1 0.473438 0.731944 0.020313 0.036111 
2 0.735547 0.638194 0.023438 0.038889 
1 0.641406 0.647917 0.025000 0.041667 
1 0.387500 0.738194 0.021094 0.037500 
2 0.737500 0.677083 0.024219 0.038889 
1 0.644531 0.659028 0.025781 0.052778 
2 0.390625 0.702778 0.021094 0.037500 
