0 0.456250 0.731944 0.031250 0.094444 
0 0.372656 0.740972 0.032031 0.094444 
0 0.626953 0.716667 0.035937 0.101389 
0 0.539062 0.724306 0.033594 0.095833 
2 0.722656 0.730556 0.023438 0.040278 
2 0.457813 0.683333 0.021094 0.040278 
0 0.719141 0.706944 0.037500 0.100000 
1 0.542188 0.747222 0.021875 0.038889 
2 0.715234 0.654167 0.024219 0.040278 
2 0.370703 0.695833 0.022656 0.037500 
2 0.626953 0.740972 0.023438 0.038889 
1 0.624219 0.667361 0.025781 0.043056 
1 0.372266 0.764583 0.021875 0.036111 
1 0.538672 0.672917 0.022656 0.038889 
1 0.458594 0.755556 0.020313 0.036111 
2 0.717187 0.690278 0.023438 0.040278 
1 0.453516 0.717361 0.020313 0.034722 
1 0.628516 0.699306 0.023438 0.038889 
