0 0.442188 0.754167 0.031250 0.093056 
0 0.358594 0.761111 0.032813 0.095833 
0 0.611719 0.738889 0.034375 0.098611 
0 0.525000 0.745833 0.032813 0.095833 
1 0.527734 0.768750 0.021094 0.037500 
0 0.700781 0.731944 0.037500 0.098611 
2 0.443750 0.704167 0.021875 0.038889 
2 0.704688 0.754167 0.022656 0.038889 
2 0.696484 0.678472 0.023438 0.038889 
1 0.358203 0.784722 0.022656 0.037500 
2 0.357031 0.714583 0.021875 0.036111 
1 0.439063 0.738889 0.021094 0.036111 
1 0.609375 0.689583 0.024219 0.041667 
2 0.611328 0.763889 0.021875 0.037500 
2 0.698828 0.715278 0.024219 0.040278 
1 0.524609 0.693056 0.022656 0.037500 
1 0.444531 0.775694 0.021094 0.036111 
1 0.613281 0.721528 0.023438 0.040278 
1 0.612500 0.702083 0.025000 0.048611 
