0 0.437500 0.756250 0.029687 0.093056 
0 0.354687 0.761111 0.032031 0.095833 
0 0.519141 0.750694 0.031250 0.094444 
0 0.692578 0.740278 0.034375 0.097222 
2 0.696484 0.763194 0.021875 0.037500 
0 0.605078 0.747222 0.032813 0.097222 
2 0.353516 0.716667 0.021875 0.036111 
1 0.521875 0.772917 0.021875 0.038889 
2 0.689453 0.688194 0.023438 0.037500 
1 0.519141 0.702083 0.021875 0.038889 
2 0.604688 0.770139 0.022656 0.037500 
2 0.439453 0.708333 0.020313 0.037500 
1 0.353125 0.785417 0.020313 0.037500 
1 0.603125 0.699306 0.023438 0.041667 
1 0.439063 0.779167 0.020313 0.036111 
1 0.434375 0.743750 0.021094 0.037500 
