0 0.441406 0.736111 0.029687 0.091667 
0 0.606641 0.725694 0.032813 0.097222 
0 0.360156 0.741667 0.030469 0.091667 
0 0.521875 0.731250 0.030469 0.091667 
0 0.693359 0.721528 0.033594 0.093056 
2 0.443750 0.688194 0.021094 0.037500 
1 0.524219 0.752083 0.021094 0.037500 
2 0.696484 0.742361 0.021875 0.038889 
1 0.604688 0.680556 0.022656 0.038889 
1 0.521484 0.682639 0.021094 0.036111 
2 0.606250 0.749306 0.021875 0.037500 
2 0.690625 0.670139 0.022656 0.038889 
1 0.359766 0.764583 0.021094 0.036111 
1 0.443359 0.757639 0.020313 0.036111 
2 0.358984 0.696528 0.020313 0.034722 
1 0.609375 0.711806 0.021875 0.034722 
