0 0.433984 0.729167 0.029687 0.090278 
0 0.596484 0.713889 0.033594 0.097222 
0 0.353125 0.737500 0.030469 0.093056 
0 0.513672 0.721528 0.030469 0.090278 
0 0.682031 0.707639 0.034375 0.093056 
2 0.685547 0.729167 0.021875 0.037500 
2 0.435156 0.683333 0.021094 0.037500 
2 0.351172 0.692361 0.021094 0.034722 
2 0.679688 0.659028 0.022656 0.037500 
1 0.351953 0.761111 0.020313 0.036111 
2 0.597266 0.738194 0.020313 0.036111 
1 0.435547 0.751389 0.020313 0.034722 
1 0.516016 0.745139 0.020313 0.036111 
1 0.513281 0.674306 0.021875 0.036111 
1 0.595703 0.669444 0.024219 0.040278 
