0 0.366406 0.711806 0.032813 0.093056 
0 0.524609 0.691667 0.032031 0.093056 
0 0.446484 0.703472 0.030469 0.091667 
0 0.607812 0.680556 0.034375 0.097222 
0 0.692187 0.670139 0.035156 0.091667 
2 0.446875 0.657639 0.021094 0.037500 
2 0.608203 0.704861 0.021875 0.037500 
1 0.366797 0.736806 0.019531 0.034722 
1 0.604688 0.637500 0.021094 0.037500 
2 0.696094 0.691667 0.021875 0.037500 
2 0.364453 0.671528 0.021875 0.034722 
1 0.449219 0.725000 0.019531 0.034722 
1 0.527344 0.714583 0.020313 0.036111 
1 0.524609 0.644444 0.021875 0.036111 
2 0.688281 0.621528 0.021875 0.037500 
