0 0.465625 0.709722 0.032031 0.090278 
0 0.543359 0.695833 0.032813 0.093056 
0 0.714063 0.672222 0.037500 0.091667 
0 0.387500 0.721528 0.032813 0.087500 
0 0.627344 0.684722 0.035937 0.094444 
2 0.384375 0.681250 0.021875 0.036111 
2 0.466406 0.663889 0.021094 0.037500 
2 0.628516 0.706944 0.022656 0.037500 
2 0.717969 0.693750 0.022656 0.037500 
1 0.622266 0.639583 0.022656 0.038889 
1 0.546484 0.719444 0.020313 0.036111 
1 0.387109 0.743750 0.020313 0.034722 
1 0.542578 0.650000 0.021875 0.036111 
2 0.709375 0.621528 0.023438 0.038889 
1 0.468750 0.730556 0.021094 0.036111 
1 0.629297 0.668750 0.025000 0.036111 
2 0.712891 0.659028 0.022656 0.036111 
