0 0.506641 0.708333 0.031250 0.090278 
0 0.429688 0.718056 0.032031 0.088889 
0 0.765234 0.674306 0.039844 0.097222 
0 0.673047 0.686806 0.037500 0.098611 
0 0.585938 0.696528 0.033594 0.094444 
1 0.429297 0.740278 0.020313 0.034722 
2 0.507031 0.663194 0.021094 0.037500 
1 0.508594 0.730556 0.019531 0.034722 
2 0.760938 0.622222 0.025000 0.041667 
2 0.769141 0.697917 0.023438 0.038889 
2 0.673828 0.711111 0.021875 0.037500 
1 0.669922 0.640972 0.025000 0.040278 
1 0.588672 0.719444 0.021094 0.037500 
1 0.584766 0.649306 0.021875 0.036111 
2 0.428125 0.681944 0.019531 0.031944 
1 0.504297 0.696528 0.019531 0.033333 
1 0.674609 0.670139 0.025781 0.040278 
2 0.428516 0.690278 0.021875 0.040278 
1 0.583594 0.656944 0.021875 0.041667 
