0 0.489063 0.736111 0.032031 0.091667 
0 0.411719 0.749306 0.032031 0.090278 
0 0.567578 0.725000 0.032813 0.094444 
0 0.653516 0.713194 0.035937 0.101389 
2 0.654297 0.738194 0.021094 0.036111 
2 0.489453 0.690278 0.021094 0.036111 
0 0.743750 0.700694 0.039844 0.101389 
1 0.411328 0.771528 0.020313 0.036111 
1 0.571094 0.748611 0.021875 0.037500 
1 0.566797 0.679861 0.021875 0.037500 
2 0.409375 0.706250 0.021875 0.036111 
2 0.748047 0.725000 0.023438 0.038889 
1 0.650391 0.667361 0.025000 0.041667 
2 0.738672 0.650694 0.025000 0.040278 
1 0.491797 0.758333 0.020313 0.034722 
2 0.741797 0.686111 0.025781 0.041667 
2 0.740234 0.661111 0.027344 0.051389 
