0 0.635156 0.717361 0.034375 0.095833
0 0.470313 0.740278 0.032813 0.088889
0 0.392969 0.750694 0.028125 0.087500
0 0.548828 0.729861 0.033594 0.087500
2 0.726172 0.729167 0.022656 0.038889
1 0.553906 0.751389 0.018750 0.036111
2 0.391797 0.706250 0.021094 0.034722
0 0.721484 0.707639 0.039844 0.093056
1 0.393359 0.772222 0.017969 0.033333
2 0.473047 0.688889 0.021094 0.036111
2 0.717969 0.659028 0.023438 0.040278
2 0.635938 0.741667 0.020313 0.036111
1 0.549219 0.678472 0.018750 0.034722
2 0.720703 0.692361 0.024219 0.037500
1 0.474219 0.761111 0.020313 0.033333
2 0.395703 0.736806 0.019531 0.029167
1 0.631641 0.669444 0.022656 0.038889
1 0.467578 0.727083 0.019531 0.034722
1 0.638281 0.703472 0.020313 0.031944
1 0.548438 0.715972 0.018750 0.031944
