0 0.480078 0.706944 0.025781 0.083333
0 0.558594 0.705556 0.029687 0.088889
0 0.642578 0.706250 0.032031 0.095833
0 0.403516 0.706944 0.027344 0.083333
1 0.560937 0.727778 0.020313 0.036111
2 0.732422 0.730556 0.021094 0.036111
0 0.728906 0.707639 0.032813 0.095833
1 0.639844 0.657639 0.021875 0.034722
2 0.482422 0.659028 0.021094 0.037500
2 0.401562 0.663889 0.018750 0.033333
2 0.728906 0.656250 0.021875 0.037500
1 0.481641 0.728472 0.017969 0.034722
2 0.641797 0.731250 0.021094 0.034722
1 0.401953 0.729167 0.017969 0.033333
1 0.560156 0.656250 0.021875 0.037500
1 0.477344 0.693750 0.018750 0.031944
2 0.728516 0.690972 0.019531 0.034722
1 0.645703 0.690972 0.019531 0.031944
1 0.556641 0.691667 0.019531 0.030556
2 0.405859 0.695833 0.017969 0.030556
