0 0.643750 0.703472 0.031250 0.090278
0 0.481641 0.702778 0.027344 0.083333
2 0.404297 0.659028 0.019531 0.034722
0 0.559766 0.702083 0.030469 0.084722
0 0.404687 0.702083 0.028125 0.081944
2 0.735547 0.725694 0.021094 0.034722
0 0.732422 0.703472 0.033594 0.095833
2 0.730859 0.653472 0.022656 0.037500
2 0.484375 0.655556 0.018750 0.033333
1 0.404687 0.724306 0.017188 0.031944
1 0.641797 0.653472 0.021094 0.034722
1 0.482812 0.724306 0.017188 0.031944
2 0.644141 0.725000 0.019531 0.033333
1 0.560937 0.654861 0.018750 0.031944
1 0.561328 0.722917 0.019531 0.034722
2 0.407422 0.690278 0.019531 0.030556
1 0.556641 0.688889 0.019531 0.027778
1 0.646094 0.688889 0.020313 0.033333
2 0.731250 0.688889 0.018750 0.033333
1 0.478516 0.689583 0.017969 0.029167
