0 0.643359 0.703472 0.030469 0.090278
0 0.481641 0.698611 0.027344 0.088889
0 0.558984 0.700694 0.030469 0.087500
0 0.404297 0.699306 0.027344 0.081944
2 0.730469 0.651389 0.023438 0.036111
2 0.734766 0.726389 0.021094 0.036111
0 0.731641 0.704167 0.033594 0.094444
2 0.404687 0.657639 0.018750 0.031944
2 0.642969 0.725694 0.020313 0.034722
1 0.404297 0.722222 0.016406 0.030556
2 0.484375 0.653472 0.018750 0.034722
1 0.483203 0.721528 0.017969 0.031944
1 0.560937 0.651389 0.020313 0.033333
1 0.641016 0.652778 0.022656 0.033333
1 0.561719 0.722222 0.020313 0.033333
2 0.730859 0.685417 0.019531 0.034722
1 0.647656 0.686806 0.018750 0.031944
1 0.478125 0.688194 0.018750 0.029167
1 0.557422 0.686111 0.017969 0.030556
2 0.407031 0.688194 0.017188 0.029167
