0 0.642969 0.702083 0.029687 0.090278
0 0.481250 0.698611 0.028125 0.088889
0 0.558594 0.702083 0.029687 0.087500
0 0.403516 0.700000 0.028906 0.080556
2 0.731250 0.727083 0.020313 0.037500
2 0.729688 0.652083 0.021875 0.037500
0 0.730078 0.704167 0.032031 0.094444
2 0.642969 0.725694 0.021875 0.037500
1 0.402734 0.721528 0.017969 0.031944
1 0.482812 0.721528 0.018750 0.031944
2 0.403906 0.656944 0.018750 0.033333
1 0.560547 0.722917 0.019531 0.034722
1 0.560156 0.651389 0.018750 0.033333
2 0.483594 0.653472 0.018750 0.034722
1 0.640234 0.654861 0.021094 0.034722
2 0.728906 0.687500 0.018750 0.030556
1 0.646094 0.688889 0.020313 0.030556
1 0.555078 0.686111 0.017969 0.030556
2 0.407031 0.688194 0.018750 0.029167
1 0.476953 0.687500 0.017969 0.030556
