0 0.480859 0.706250 0.027344 0.087500
0 0.557813 0.708333 0.029687 0.088889
0 0.642188 0.709722 0.031250 0.094444
0 0.730078 0.709722 0.033594 0.094444
0 0.402734 0.707639 0.027344 0.081944
2 0.729297 0.658333 0.024219 0.038889
1 0.559766 0.731250 0.019531 0.034722
2 0.481641 0.661111 0.021094 0.036111
2 0.641406 0.731944 0.020313 0.036111
1 0.401562 0.729861 0.017188 0.031944
1 0.639062 0.659722 0.020313 0.036111
1 0.482031 0.729167 0.017188 0.033333
2 0.400781 0.665278 0.020313 0.033333
1 0.558984 0.660417 0.019531 0.034722
2 0.732812 0.731250 0.021875 0.037500
1 0.476953 0.695833 0.016406 0.030556
2 0.730078 0.694444 0.022656 0.036111
1 0.644922 0.694444 0.019531 0.033333
1 0.554688 0.696528 0.018750 0.031944
2 0.406250 0.696528 0.018750 0.031944
