0 0.644141 0.713889 0.032031 0.094444
0 0.482422 0.713194 0.027344 0.087500
0 0.560547 0.713889 0.030469 0.091667
0 0.730859 0.717361 0.030469 0.093056
0 0.404687 0.712500 0.028125 0.086111
1 0.404297 0.737500 0.017969 0.033333
1 0.562109 0.736111 0.021094 0.036111
1 0.484375 0.736111 0.018750 0.030556
2 0.729688 0.663889 0.020313 0.036111
2 0.734375 0.738194 0.021875 0.037500
2 0.484375 0.668056 0.018750 0.033333
2 0.644531 0.738194 0.021875 0.037500
2 0.404297 0.668750 0.019531 0.031944
1 0.640625 0.665278 0.020313 0.033333
1 0.560547 0.665278 0.017969 0.036111
2 0.731250 0.699306 0.018750 0.031944
1 0.647266 0.700694 0.019531 0.034722
1 0.556250 0.699306 0.017188 0.029167
1 0.478906 0.702083 0.018750 0.031944
2 0.407813 0.702083 0.018750 0.031944
