0 0.647266 0.718750 0.032031 0.090278
0 0.484375 0.714583 0.028125 0.087500
0 0.735156 0.719444 0.032813 0.091667
0 0.561328 0.716667 0.030469 0.086111
0 0.407422 0.715972 0.028906 0.081944
1 0.564063 0.737500 0.020313 0.036111
2 0.646094 0.738889 0.020313 0.036111
2 0.486719 0.669444 0.018750 0.033333
2 0.734375 0.665972 0.021875 0.040278
1 0.485156 0.736111 0.018750 0.033333
1 0.644922 0.667361 0.019531 0.031944
1 0.564063 0.664583 0.020313 0.034722
1 0.405859 0.738889 0.016406 0.030556
2 0.738281 0.740972 0.021875 0.037500
2 0.407422 0.670833 0.019531 0.033333
2 0.733594 0.702083 0.018750 0.031944
1 0.650781 0.702778 0.020313 0.033333
2 0.410547 0.702083 0.017969 0.031944
1 0.480859 0.703472 0.017969 0.031944
1 0.559375 0.700000 0.018750 0.030556
1 0.650000 0.701389 0.020313 0.033333
