0 0.565234 0.715278 0.030469 0.094444
0 0.486328 0.715278 0.025781 0.086111
0 0.738672 0.718750 0.035156 0.093056
0 0.649609 0.717361 0.030469 0.093056
0 0.409766 0.715972 0.027344 0.081944
2 0.736719 0.665972 0.021875 0.037500
1 0.567187 0.739583 0.018750 0.034722
2 0.407422 0.673611 0.019531 0.030556
1 0.566016 0.667361 0.019531 0.034722
1 0.409375 0.738889 0.017188 0.030556
2 0.488281 0.668750 0.018750 0.031944
2 0.741797 0.741667 0.019531 0.036111
1 0.646094 0.668056 0.020313 0.036111
1 0.487500 0.737500 0.017188 0.033333
2 0.649609 0.742361 0.019531 0.034722
2 0.737500 0.703472 0.018750 0.034722
1 0.653125 0.702778 0.020313 0.033333
1 0.482812 0.702778 0.017188 0.027778
1 0.561719 0.702778 0.018750 0.030556
2 0.411719 0.703472 0.017188 0.029167
