0 0.490625 0.718056 0.028125 0.083333
0 0.654687 0.719444 0.031250 0.091667
0 0.413281 0.717361 0.028125 0.081944
0 0.568359 0.719444 0.028906 0.086111
0 0.744141 0.720833 0.033594 0.091667
2 0.741797 0.668056 0.022656 0.036111
2 0.654297 0.743750 0.021094 0.037500
2 0.492578 0.671528 0.019531 0.031944
2 0.746484 0.743056 0.021094 0.036111
1 0.570703 0.668750 0.019531 0.031944
1 0.571484 0.740972 0.019531 0.034722
1 0.651953 0.669444 0.021094 0.036111
1 0.492578 0.740278 0.016406 0.033333
2 0.411719 0.675000 0.018750 0.030556
1 0.412109 0.740278 0.016406 0.030556
2 0.417187 0.706250 0.018750 0.031944
1 0.487109 0.704861 0.017969 0.029167
1 0.567187 0.704167 0.018750 0.030556
1 0.656641 0.704167 0.021094 0.033333
2 0.742578 0.703472 0.021094 0.034722
