0 0.492969 0.713889 0.028125 0.088889
0 0.656250 0.718750 0.031250 0.090278
0 0.570312 0.718056 0.029687 0.086111
0 0.414844 0.716667 0.028125 0.083333
0 0.744922 0.720833 0.030469 0.091667
2 0.494141 0.668750 0.019531 0.034722
2 0.414453 0.673611 0.019531 0.033333
2 0.655859 0.741667 0.021094 0.036111
1 0.571094 0.666667 0.020313 0.033333
2 0.747656 0.741667 0.021875 0.038889
2 0.744141 0.665972 0.022656 0.040278
1 0.493359 0.738889 0.016406 0.033333
1 0.414062 0.739583 0.018750 0.031944
1 0.653125 0.667361 0.021875 0.034722
1 0.572266 0.738889 0.019531 0.033333
2 0.745313 0.703472 0.021875 0.037500
1 0.659375 0.702778 0.020313 0.033333
1 0.567969 0.702778 0.018750 0.030556
2 0.418750 0.705556 0.018750 0.030556
1 0.489063 0.704167 0.018750 0.030556
