0 0.491797 0.715972 0.028906 0.084722
0 0.656250 0.716667 0.031250 0.091667
0 0.414844 0.715278 0.029687 0.083333
0 0.570703 0.715972 0.028906 0.090278
0 0.746094 0.717361 0.032813 0.095833
2 0.414453 0.673611 0.017969 0.030556
2 0.494141 0.668750 0.019531 0.034722
2 0.655469 0.738194 0.021875 0.037500
2 0.744141 0.663889 0.022656 0.041667
2 0.748437 0.738889 0.021875 0.038889
1 0.414453 0.738889 0.017969 0.030556
1 0.572266 0.665278 0.021094 0.033333
1 0.573047 0.738889 0.019531 0.036111
1 0.494141 0.734722 0.019531 0.036111
1 0.651953 0.664583 0.021094 0.031944
2 0.744141 0.700000 0.019531 0.033333
1 0.660156 0.700000 0.018750 0.033333
1 0.569531 0.701389 0.018750 0.030556
2 0.418750 0.703472 0.018750 0.029167
1 0.489063 0.703472 0.018750 0.031944
