0 0.489063 0.714583 0.028125 0.084722
0 0.653125 0.711806 0.031250 0.095833
0 0.567969 0.713194 0.029687 0.090278
0 0.412109 0.715278 0.027344 0.080556
2 0.740234 0.658333 0.022656 0.038889
0 0.742188 0.711111 0.034375 0.094444
2 0.652734 0.732639 0.021094 0.037500
1 0.649219 0.660417 0.020313 0.031944
2 0.491797 0.668056 0.019531 0.033333
1 0.569141 0.663889 0.019531 0.036111
2 0.410547 0.671528 0.017969 0.031944
2 0.746484 0.736111 0.021094 0.036111
1 0.570312 0.735417 0.020313 0.034722
1 0.491406 0.736111 0.018750 0.033333
1 0.411328 0.737500 0.016406 0.030556
2 0.415234 0.702778 0.017969 0.030556
1 0.486328 0.700694 0.019531 0.031944
1 0.565625 0.698611 0.018750 0.030556
1 0.657031 0.695833 0.018750 0.033333
2 0.741406 0.695139 0.021875 0.034722
