0 0.489844 0.712500 0.031250 0.086111
0 0.653125 0.711111 0.031250 0.091667
0 0.567969 0.711111 0.029687 0.091667
0 0.412500 0.713889 0.028125 0.083333
2 0.747656 0.731250 0.023438 0.037500
0 0.742578 0.710417 0.038281 0.090278
2 0.651953 0.732639 0.019531 0.034722
2 0.740234 0.656250 0.024219 0.040278
1 0.649609 0.658333 0.022656 0.036111
2 0.491406 0.665278 0.020313 0.036111
1 0.567969 0.661111 0.020313 0.033333
2 0.411328 0.668750 0.019531 0.031944
1 0.491797 0.735417 0.019531 0.031944
2 0.740625 0.690278 0.020313 0.033333
1 0.412109 0.733333 0.019531 0.033333
1 0.570312 0.734028 0.020313 0.034722
2 0.415625 0.700694 0.017188 0.029167
1 0.485547 0.702083 0.017969 0.029167
1 0.566797 0.696528 0.019531 0.031944
1 0.655078 0.695139 0.019531 0.031944
