0 0.489844 0.711806 0.028125 0.090278
0 0.653125 0.710417 0.031250 0.093056
0 0.412109 0.715278 0.027344 0.083333
0 0.567578 0.712500 0.030469 0.088889
2 0.745313 0.729167 0.021875 0.038889
2 0.740625 0.657639 0.021875 0.037500
0 0.741797 0.706944 0.033594 0.094444
2 0.653125 0.731944 0.020313 0.036111
1 0.649219 0.661111 0.021875 0.036111
2 0.491016 0.667361 0.017969 0.034722
1 0.567578 0.662500 0.021094 0.033333
2 0.412109 0.670139 0.019531 0.031944
1 0.491406 0.735417 0.018750 0.031944
2 0.739844 0.690972 0.020313 0.031944
1 0.410938 0.737500 0.018750 0.030556
1 0.569531 0.732639 0.020313 0.034722
2 0.414844 0.703472 0.018750 0.029167
1 0.485547 0.700694 0.017969 0.029167
1 0.564453 0.694444 0.019531 0.030556
1 0.655078 0.693750 0.019531 0.031944
