0 0.490234 0.713889 0.028906 0.086111
0 0.653125 0.710417 0.031250 0.093056
0 0.414062 0.718056 0.029687 0.086111
0 0.567969 0.710417 0.031250 0.090278
2 0.745703 0.730556 0.021094 0.036111
0 0.741016 0.708333 0.032031 0.094444
2 0.652734 0.734028 0.021094 0.034722
2 0.740234 0.654861 0.022656 0.034722
2 0.491797 0.668056 0.019531 0.033333
1 0.649219 0.658333 0.020313 0.033333
1 0.568359 0.662500 0.021094 0.033333
2 0.410547 0.671528 0.019531 0.031944
1 0.491406 0.734028 0.017188 0.031944
2 0.741016 0.691667 0.021094 0.033333
1 0.568750 0.733333 0.018750 0.033333
1 0.412891 0.738194 0.017969 0.029167
1 0.654687 0.694444 0.020313 0.033333
2 0.416797 0.704167 0.017969 0.030556
1 0.485938 0.699306 0.017188 0.029167
1 0.564453 0.695833 0.019531 0.030556
