0 0.489844 0.715278 0.028125 0.086111
0 0.413281 0.716667 0.028125 0.083333
0 0.567578 0.713194 0.032031 0.087500
0 0.652344 0.711806 0.032813 0.093056
2 0.745313 0.729167 0.021875 0.038889
0 0.740625 0.709028 0.034375 0.093056
2 0.651953 0.732639 0.021094 0.037500
2 0.739062 0.654167 0.023438 0.036111
2 0.492578 0.668056 0.019531 0.033333
1 0.649219 0.659722 0.021875 0.030556
1 0.568750 0.661806 0.021875 0.034722
2 0.411328 0.672222 0.019531 0.033333
1 0.492578 0.736111 0.019531 0.033333
2 0.739844 0.690278 0.018750 0.036111
1 0.569531 0.734722 0.018750 0.033333
1 0.412109 0.738889 0.017969 0.030556
1 0.655469 0.693750 0.018750 0.031944
1 0.565625 0.697222 0.017188 0.030556
1 0.485938 0.702083 0.017188 0.029167
2 0.416406 0.705556 0.018750 0.030556
