1 0.753516 0.753472 0.058594 0.095833
0 0.738281 0.786111 0.096875 0.247222
0 0.917188 0.791667 0.100000 0.244444
2 0.078125 0.702778 0.068750 0.105556
1 0.731641 0.838889 0.055469 0.100000
1 0.519531 0.840972 0.059375 0.106944
0 0.290234 0.752083 0.083594 0.265278
2 0.089844 0.802083 0.067187 0.106944
1 0.916016 0.850000 0.061719 0.097222
2 0.931250 0.675000 0.065625 0.097222
0 0.083594 0.738889 0.098437 0.266667
1 0.910937 0.753472 0.062500 0.093056
2 0.289062 0.815278 0.057813 0.100000
0 0.520312 0.780556 0.082812 0.272222
