0 0.510938 0.645139 0.082812 0.262500
1 0.900781 0.713194 0.060937 0.095833
1 0.721484 0.704861 0.055469 0.098611
1 0.744531 0.620833 0.057813 0.094444
0 0.066797 0.617361 0.108594 0.265278
0 0.903906 0.661111 0.100000 0.230556
2 0.919141 0.540278 0.063281 0.088889
1 0.898828 0.621528 0.061719 0.090278
1 0.511719 0.711111 0.057813 0.105556
2 0.058984 0.576389 0.072656 0.111111
0 0.734766 0.652778 0.092969 0.241667
2 0.279297 0.690278 0.060156 0.102778
0 0.281641 0.628472 0.085156 0.248611
2 0.076563 0.677778 0.068750 0.108333
