0 0.503516 0.656250 0.078906 0.258333 
1 0.504687 0.721528 0.056250 0.101389 
1 0.714844 0.712500 0.053906 0.095833 
0 0.055859 0.641667 0.107031 0.272222 
1 0.735938 0.625694 0.057813 0.097222 
1 0.892188 0.715972 0.058594 0.094444 
0 0.894922 0.659028 0.102344 0.237500 
2 0.269141 0.709028 0.062500 0.102778 
2 0.907813 0.545833 0.065625 0.093056 
1 0.888672 0.625000 0.060937 0.088889 
2 0.060937 0.704167 0.073438 0.112500 
0 0.269922 0.644444 0.085938 0.248611 
2 0.043359 0.600694 0.074219 0.111111 
0 0.724609 0.663889 0.085938 0.218056 
