0 0.509766 0.670139 0.085156 0.259722
2 0.064844 0.681250 0.073438 0.109722
1 0.725391 0.747917 0.055469 0.101389
2 0.053125 0.577778 0.075000 0.111111
1 0.910547 0.765972 0.064844 0.098611
0 0.058203 0.620139 0.108594 0.262500
2 0.273828 0.705556 0.060156 0.102778
0 0.909766 0.709722 0.103906 0.236111
1 0.510547 0.737500 0.057031 0.105556
0 0.739062 0.695833 0.089063 0.250000
1 0.748828 0.658333 0.060156 0.097222
1 0.903516 0.670833 0.064844 0.097222
2 0.924219 0.593056 0.065625 0.102778
0 0.276172 0.640972 0.086719 0.256944
