0 0.049219 0.625694 0.096875 0.259722
1 0.500000 0.738889 0.056250 0.105556
1 0.893750 0.761111 0.062500 0.097222
2 0.907813 0.590278 0.065625 0.094444
2 0.037500 0.584722 0.071875 0.111111
1 0.714063 0.747917 0.054688 0.098611
2 0.260547 0.710417 0.061719 0.104167
2 0.045703 0.689583 0.074219 0.112500
0 0.724609 0.694444 0.088281 0.238889
0 0.897266 0.711111 0.102344 0.227778
0 0.498047 0.673611 0.085156 0.255556
1 0.736328 0.659028 0.060156 0.095833
1 0.889062 0.667361 0.065625 0.095833
0 0.263281 0.651389 0.087500 0.261111
