0 0.481641 0.677778 0.086719 0.255556
0 0.701562 0.694444 0.085938 0.241667
1 0.693750 0.745833 0.053125 0.097222
2 0.028125 0.703472 0.054688 0.112500
1 0.867188 0.757639 0.059375 0.093056
1 0.482422 0.743056 0.058594 0.105556
2 0.023047 0.593750 0.044531 0.104167
2 0.879687 0.587500 0.060937 0.091667
0 0.035547 0.637500 0.069531 0.266667
1 0.714063 0.659028 0.056250 0.093056
0 0.866406 0.706250 0.098437 0.220833
1 0.860547 0.662500 0.060156 0.091667
2 0.239844 0.720833 0.064062 0.105556
0 0.240625 0.657639 0.089063 0.270833
