0 0.533594 0.718056 0.087500 0.272222
1 0.753906 0.804167 0.057813 0.105556
0 0.094922 0.650000 0.097656 0.244444
2 0.089844 0.604167 0.070312 0.105556
1 0.532813 0.783333 0.059375 0.108333
2 0.097266 0.708333 0.067969 0.105556
2 0.963672 0.649306 0.069531 0.101389
2 0.297656 0.739583 0.059375 0.104167
1 0.778516 0.712500 0.064844 0.100000
1 0.950000 0.834028 0.068750 0.104167
0 0.946875 0.764583 0.101562 0.273611
0 0.762500 0.753472 0.100000 0.262500
1 0.945703 0.730556 0.077344 0.105556
0 0.299219 0.681250 0.087500 0.259722
