0 0.519141 0.796528 0.082031 0.273611
0 0.752734 0.796528 0.086719 0.243056
1 0.744141 0.851389 0.058594 0.105556
2 0.065625 0.847917 0.075000 0.115278
1 0.934766 0.852778 0.067969 0.102778
2 0.935156 0.668750 0.067187 0.101389
1 0.762109 0.756250 0.061719 0.104167
0 0.060937 0.782639 0.112500 0.273611
1 0.522656 0.864583 0.060937 0.112500
2 0.056641 0.738889 0.075781 0.113889
0 0.930469 0.799306 0.100000 0.240278
1 0.921484 0.754861 0.064844 0.095833
2 0.277344 0.852083 0.062500 0.109722
0 0.278125 0.790972 0.092188 0.270833
