0 0.069922 0.577778 0.108594 0.258333
0 0.516406 0.606250 0.082812 0.251389
1 0.518750 0.672222 0.056250 0.102778
1 0.733984 0.672917 0.053906 0.098611
2 0.063281 0.535417 0.071875 0.106944
2 0.078516 0.638889 0.069531 0.108333
2 0.283594 0.651389 0.059375 0.102778
1 0.755859 0.584028 0.061719 0.098611
0 0.920703 0.630556 0.110156 0.230556
1 0.916016 0.682639 0.064844 0.095833
2 0.933984 0.506250 0.067969 0.098611
0 0.743359 0.622917 0.091406 0.243056
1 0.910937 0.590972 0.065625 0.095833
0 0.281641 0.593056 0.086719 0.255556
