0 0.514453 0.623611 0.082031 0.255556
0 0.917969 0.642361 0.104688 0.229167
1 0.916797 0.698611 0.063281 0.097222
2 0.933594 0.523611 0.065625 0.097222
2 0.062500 0.545139 0.071875 0.106944
1 0.732422 0.687500 0.057031 0.100000
0 0.068750 0.586111 0.109375 0.258333
1 0.518359 0.684028 0.058594 0.106944
1 0.755859 0.597222 0.060156 0.097222
2 0.077344 0.648611 0.070312 0.108333
1 0.912500 0.606250 0.062500 0.093056
2 0.283203 0.661111 0.061719 0.105556
0 0.740625 0.635417 0.090625 0.243056
0 0.280469 0.605556 0.090625 0.261111
