1 0.933984 0.700694 0.066406 0.098611
0 0.753906 0.648611 0.089063 0.238889
0 0.527344 0.654861 0.084375 0.259722
0 0.935156 0.648611 0.101562 0.222222
1 0.927734 0.606250 0.064844 0.095833
2 0.095312 0.706250 0.068750 0.106944
1 0.746875 0.702083 0.056250 0.101389
2 0.946094 0.522222 0.068750 0.097222
2 0.080859 0.604861 0.069531 0.106944
1 0.532422 0.713889 0.058594 0.105556
2 0.298438 0.706250 0.057813 0.101389
1 0.768359 0.612500 0.060156 0.097222
0 0.089453 0.645139 0.105469 0.251389
0 0.294922 0.644444 0.083594 0.255556
