0 0.530469 0.677778 0.078125 0.263889
1 0.770703 0.636806 0.060156 0.095833
1 0.939063 0.727778 0.065625 0.100000
0 0.091406 0.662500 0.101562 0.261111
1 0.534375 0.737500 0.057813 0.105556
1 0.750391 0.726389 0.057031 0.100000
0 0.935547 0.671528 0.097656 0.231944
2 0.082422 0.621528 0.069531 0.106944
1 0.931641 0.631250 0.066406 0.095833
2 0.950781 0.546528 0.068750 0.098611
0 0.758203 0.673611 0.086719 0.247222
2 0.097656 0.722222 0.067187 0.105556
2 0.300000 0.727083 0.057813 0.101389
0 0.300391 0.664583 0.078906 0.251389
