0 0.896484 0.736111 0.091406 0.225000
0 0.520312 0.743056 0.081250 0.244444
1 0.896484 0.789583 0.058594 0.093056
1 0.512500 0.800000 0.053125 0.097222
1 0.292969 0.693750 0.059375 0.101389
1 0.529687 0.706250 0.054688 0.093056
1 0.891406 0.700694 0.057813 0.090278
2 0.907813 0.625000 0.062500 0.094444
2 0.515625 0.614583 0.059375 0.101389
0 0.296094 0.734722 0.084375 0.247222
1 0.743750 0.706250 0.056250 0.090278
1 0.304688 0.594444 0.060937 0.100000
2 0.082422 0.688889 0.063281 0.102778
1 0.724609 0.788889 0.052344 0.094444
2 0.300000 0.791667 0.056250 0.100000
2 0.096875 0.790972 0.067187 0.106944
0 0.734375 0.738194 0.082812 0.237500
0 0.090625 0.725694 0.096875 0.262500
