0 0.530469 0.803472 0.081250 0.251389
1 0.521484 0.859028 0.055469 0.101389
1 0.757031 0.765278 0.057813 0.094444
0 0.100000 0.779861 0.096875 0.256944
1 0.916406 0.851389 0.062500 0.097222
0 0.305078 0.788889 0.082031 0.247222
1 0.316406 0.647917 0.059375 0.101389
2 0.523828 0.668750 0.057031 0.101389
0 0.916016 0.801389 0.092969 0.238889
1 0.737891 0.849306 0.053906 0.095833
1 0.300391 0.750000 0.058594 0.097222
2 0.306250 0.847917 0.057813 0.101389
1 0.538672 0.765972 0.055469 0.095833
2 0.105859 0.842361 0.069531 0.106944
2 0.092578 0.740972 0.067969 0.106944
1 0.908594 0.759722 0.060937 0.091667
2 0.923438 0.681250 0.064062 0.093056
0 0.744531 0.799306 0.089063 0.245833
