0 0.519141 0.621528 0.080469 0.237500
0 0.896094 0.609722 0.093750 0.219444
1 0.528125 0.586111 0.053125 0.091667
1 0.510938 0.676389 0.053125 0.094444
1 0.892578 0.662500 0.058594 0.088889
0 0.295312 0.613889 0.081250 0.233333
1 0.721875 0.663889 0.053125 0.091667
2 0.512891 0.491667 0.057031 0.100000
0 0.732422 0.615278 0.089844 0.236111
2 0.079297 0.574306 0.069531 0.106944
1 0.301563 0.478472 0.059375 0.098611
1 0.743750 0.582639 0.056250 0.093056
1 0.291016 0.575694 0.058594 0.095833
2 0.299609 0.672222 0.055469 0.097222
2 0.912109 0.500000 0.063281 0.091667
2 0.098828 0.670833 0.066406 0.102778
0 0.088672 0.610417 0.107031 0.251389
1 0.891406 0.577083 0.056250 0.087500
