0 0.519922 0.577083 0.082031 0.240278
1 0.745313 0.543750 0.056250 0.090278
2 0.079297 0.522222 0.069531 0.105556
1 0.528906 0.542361 0.054688 0.093056
1 0.722266 0.625000 0.052344 0.091667
2 0.100000 0.620139 0.065625 0.101389
2 0.514453 0.448611 0.058594 0.100000
1 0.512109 0.632639 0.053906 0.095833
0 0.894922 0.577083 0.102344 0.218056
1 0.301953 0.429167 0.060156 0.100000
0 0.295312 0.566667 0.082812 0.236111
1 0.892969 0.624306 0.057813 0.090278
2 0.300391 0.623611 0.057031 0.094444
0 0.736328 0.574306 0.088281 0.231944
0 0.089063 0.561111 0.107813 0.252778
1 0.291016 0.529861 0.058594 0.098611
2 0.915625 0.463889 0.062500 0.097222
1 0.893750 0.539583 0.059375 0.087500
