1 0.727344 0.648611 0.053125 0.094444
2 0.929297 0.504167 0.058594 0.094444
1 0.532813 0.535417 0.056250 0.095833
1 0.753516 0.565278 0.058594 0.094444
1 0.305078 0.390278 0.060156 0.100000
0 0.521094 0.567361 0.090625 0.251389
0 0.293359 0.531944 0.088281 0.252778
2 0.521484 0.439583 0.061719 0.106944
2 0.294141 0.592361 0.057031 0.098611
1 0.903125 0.672222 0.059375 0.094444
1 0.510547 0.626389 0.053906 0.097222
1 0.903906 0.582639 0.059375 0.090278
1 0.289844 0.490278 0.059375 0.100000
2 0.089844 0.563194 0.068750 0.104167
0 0.743750 0.599306 0.103125 0.240278
0 0.909375 0.620833 0.103125 0.225000
2 0.073438 0.456250 0.071875 0.106944
0 0.081641 0.499306 0.103906 0.256944
