0 0.520703 0.573611 0.092969 0.250000
1 0.305859 0.392361 0.061719 0.101389
1 0.510156 0.629861 0.054688 0.095833
2 0.521094 0.441667 0.060937 0.105556
1 0.753516 0.572222 0.058594 0.094444
2 0.293750 0.593056 0.056250 0.100000
1 0.727734 0.654861 0.052344 0.093056
2 0.088281 0.563194 0.068750 0.104167
0 0.292187 0.532639 0.090625 0.256944
1 0.532813 0.538194 0.056250 0.095833
1 0.288672 0.490972 0.060156 0.101389
2 0.071875 0.456250 0.071875 0.106944
2 0.929688 0.514583 0.060937 0.093056
1 0.902734 0.679861 0.060156 0.093056
0 0.741797 0.602083 0.096094 0.231944
0 0.906641 0.622222 0.108594 0.230556
0 0.080859 0.500000 0.102344 0.258333
1 0.904297 0.590278 0.063281 0.091667
