2 0.932031 0.527083 0.062500 0.093056
1 0.730859 0.668750 0.053906 0.095833
1 0.512891 0.645833 0.055469 0.100000
1 0.307812 0.407639 0.062500 0.101389
2 0.295703 0.606944 0.058594 0.100000
1 0.756641 0.584028 0.060156 0.093056
0 0.084375 0.514583 0.103125 0.245833
0 0.915234 0.636806 0.100781 0.218056
1 0.534766 0.550000 0.057031 0.097222
2 0.076563 0.472917 0.068750 0.104167
1 0.908984 0.693750 0.061719 0.093056
2 0.090625 0.576389 0.068750 0.105556
1 0.292187 0.505556 0.060937 0.100000
2 0.522656 0.456250 0.060937 0.104167
0 0.523047 0.584722 0.092969 0.255556
0 0.296875 0.546528 0.089063 0.245833
1 0.908984 0.602778 0.063281 0.091667
0 0.743750 0.614583 0.098437 0.237500
