0 0.050781 0.661111 0.100000 0.272222
2 0.494922 0.574306 0.058594 0.101389
1 0.707812 0.777778 0.054688 0.100000
0 0.497656 0.707639 0.089063 0.259722
2 0.036719 0.618056 0.071875 0.111111
1 0.489063 0.770139 0.057813 0.104167
0 0.263672 0.684028 0.096094 0.251389
0 0.880078 0.741667 0.091406 0.219444
1 0.279687 0.541667 0.062500 0.102778
1 0.881641 0.793056 0.060156 0.097222
1 0.728125 0.692361 0.056250 0.093056
1 0.260547 0.640278 0.060156 0.102778
2 0.263281 0.748611 0.062500 0.105556
2 0.890625 0.622222 0.062500 0.094444
2 0.043359 0.726389 0.075781 0.113889
1 0.509375 0.668750 0.057813 0.104167
0 0.716797 0.728472 0.086719 0.240278
1 0.871094 0.696528 0.059375 0.090278
