1 0.972266 0.757639 0.053906 0.101389
0 0.557813 0.713889 0.084375 0.250000
2 0.973047 0.572917 0.052344 0.098611
2 0.551172 0.575000 0.060156 0.105556
1 0.785156 0.761111 0.059375 0.102778
1 0.326172 0.662500 0.061719 0.102778
2 0.123828 0.666667 0.066406 0.102778
1 0.802344 0.668750 0.062500 0.101389
1 0.553516 0.770139 0.057031 0.104167
0 0.331250 0.707639 0.084375 0.248611
0 0.791016 0.704861 0.092969 0.245833
1 0.569531 0.668750 0.056250 0.101389
0 0.962109 0.700694 0.074219 0.229167
0 0.130078 0.706250 0.094531 0.245833
2 0.333984 0.767361 0.057031 0.101389
2 0.135547 0.765972 0.064844 0.106944
1 0.339453 0.568750 0.058594 0.095833
1 0.967187 0.663194 0.059375 0.098611
