0 0.565625 0.713889 0.087500 0.252778
0 0.802344 0.705556 0.093750 0.238889
0 0.967578 0.699306 0.064844 0.229167
0 0.141016 0.713889 0.092969 0.250000
2 0.560156 0.576389 0.060937 0.105556
1 0.796094 0.761806 0.060937 0.104167
2 0.342187 0.768750 0.056250 0.101389
0 0.341406 0.710417 0.081250 0.248611
1 0.980078 0.757639 0.038281 0.098611
1 0.812891 0.668750 0.063281 0.104167
2 0.980078 0.570139 0.039844 0.095833
1 0.562109 0.773611 0.058594 0.105556
1 0.348828 0.571528 0.058594 0.098611
1 0.336719 0.666667 0.056250 0.100000
2 0.135937 0.671528 0.065625 0.101389
1 0.973437 0.660417 0.053125 0.098611
2 0.146875 0.770833 0.065625 0.105556
1 0.577734 0.669444 0.058594 0.102778
