0 0.539844 0.779861 0.082812 0.256944
1 0.550781 0.736111 0.056250 0.097222
2 0.533203 0.642361 0.060156 0.106944
1 0.762891 0.824306 0.057031 0.101389
1 0.952734 0.819444 0.064844 0.100000
1 0.535156 0.837500 0.057813 0.105556
1 0.779687 0.731250 0.060937 0.095833
0 0.100391 0.773611 0.099219 0.255556
2 0.953125 0.639583 0.068750 0.101389
0 0.308203 0.775000 0.089844 0.244444
2 0.106250 0.836806 0.071875 0.109722
1 0.319922 0.627778 0.060156 0.100000
0 0.944922 0.768750 0.102344 0.243056
2 0.095703 0.731250 0.069531 0.106944
2 0.311328 0.835417 0.060156 0.104167
1 0.304297 0.730556 0.061719 0.102778
0 0.769922 0.772222 0.088281 0.250000
1 0.939453 0.725000 0.064844 0.094444
