0 0.535937 0.746528 0.084375 0.251389
1 0.753906 0.791667 0.056250 0.100000
0 0.095703 0.734028 0.099219 0.256944
2 0.527344 0.605556 0.059375 0.102778
0 0.305078 0.732639 0.088281 0.256944
1 0.544531 0.700000 0.056250 0.100000
1 0.528516 0.801389 0.057031 0.102778
2 0.942969 0.611111 0.067187 0.094444
1 0.315234 0.593750 0.060156 0.098611
2 0.089453 0.690972 0.069531 0.106944
0 0.934766 0.736111 0.092969 0.225000
2 0.306641 0.795139 0.060156 0.104167
1 0.940234 0.789583 0.066406 0.101389
0 0.762891 0.739583 0.085156 0.234722
1 0.301563 0.692361 0.059375 0.101389
2 0.101562 0.795833 0.068750 0.108333
1 0.771094 0.700000 0.059375 0.094444
1 0.929688 0.694444 0.065625 0.097222
