0 0.535156 0.697222 0.082812 0.250000
2 0.529687 0.560417 0.059375 0.101389
1 0.754297 0.752083 0.057031 0.101389
1 0.773438 0.662500 0.060937 0.094444
1 0.529297 0.755556 0.055469 0.102778
2 0.107422 0.738194 0.066406 0.106944
0 0.307422 0.685417 0.088281 0.243056
2 0.094922 0.636806 0.071094 0.104167
1 0.317969 0.544444 0.060937 0.100000
1 0.941797 0.755556 0.064844 0.100000
2 0.949219 0.579167 0.067187 0.100000
1 0.546484 0.654167 0.055469 0.097222
1 0.305078 0.640278 0.060156 0.102778
2 0.310156 0.745139 0.057813 0.101389
0 0.761328 0.698611 0.083594 0.244444
0 0.937109 0.701389 0.094531 0.227778
1 0.933203 0.662500 0.061719 0.094444
0 0.101172 0.676389 0.099219 0.258333
