0 0.537109 0.733333 0.083594 0.261111
2 0.530859 0.600000 0.061719 0.105556
0 0.101172 0.732639 0.099219 0.256944
1 0.758203 0.780556 0.057031 0.100000
1 0.775391 0.690972 0.060156 0.098611
1 0.531641 0.794444 0.057031 0.105556
0 0.765234 0.726389 0.091406 0.241667
2 0.948047 0.599306 0.066406 0.098611
1 0.944922 0.779861 0.064844 0.098611
0 0.308594 0.731944 0.089063 0.250000
1 0.318750 0.587500 0.059375 0.097222
1 0.548828 0.694444 0.057031 0.100000
1 0.305469 0.687500 0.059375 0.102778
2 0.108203 0.794444 0.066406 0.108333
0 0.939063 0.725000 0.093750 0.227778
2 0.094922 0.688889 0.071094 0.105556
2 0.311328 0.792361 0.058594 0.104167
1 0.933594 0.682639 0.064062 0.095833
