1 0.753516 0.793750 0.055469 0.101389
0 0.937109 0.736806 0.102344 0.229167
1 0.528516 0.804861 0.055469 0.101389
0 0.098047 0.736111 0.100781 0.258333
1 0.544922 0.704861 0.055469 0.098611
2 0.526953 0.609028 0.060156 0.104167
2 0.941797 0.612500 0.066406 0.094444
0 0.305078 0.737500 0.088281 0.255556
2 0.091406 0.695139 0.070312 0.106944
1 0.770703 0.703472 0.058594 0.095833
0 0.534375 0.740972 0.081250 0.259722
2 0.307812 0.799306 0.059375 0.104167
2 0.104297 0.798611 0.067969 0.105556
1 0.301953 0.695139 0.058594 0.101389
1 0.940234 0.790278 0.064844 0.100000
0 0.762109 0.740972 0.082031 0.243056
1 0.928906 0.695833 0.064062 0.097222
1 0.315234 0.597222 0.058594 0.097222
