0 0.515234 0.736806 0.082031 0.248611
1 0.526953 0.690278 0.055469 0.097222
1 0.730469 0.780556 0.054688 0.097222
2 0.510156 0.597917 0.059375 0.104167
0 0.737891 0.729167 0.082031 0.236111
1 0.909375 0.781250 0.062500 0.095833
1 0.509766 0.790972 0.057031 0.106944
2 0.064062 0.679861 0.071875 0.106944
1 0.296094 0.582639 0.060937 0.101389
0 0.069531 0.722222 0.109375 0.261111
1 0.748828 0.691667 0.058594 0.097222
0 0.906250 0.728472 0.089063 0.212500
2 0.287109 0.786111 0.061719 0.105556
0 0.285938 0.722917 0.090625 0.262500
2 0.077734 0.786111 0.071094 0.111111
2 0.914844 0.606944 0.065625 0.091667
1 0.899219 0.686111 0.064062 0.094444
1 0.281250 0.682639 0.060937 0.101389
