0 0.540625 0.793056 0.085938 0.261111
1 0.763281 0.849306 0.057813 0.101389
1 0.533984 0.850694 0.058594 0.106944
2 0.535156 0.651389 0.059375 0.102778
1 0.954297 0.856250 0.066406 0.104167
2 0.107813 0.823611 0.068750 0.111111
1 0.781250 0.758333 0.060937 0.100000
1 0.551172 0.747917 0.057031 0.098611
1 0.308203 0.729167 0.060156 0.102778
0 0.949219 0.805556 0.096875 0.233333
2 0.956641 0.677083 0.071094 0.101389
1 0.324219 0.629167 0.060937 0.100000
2 0.099609 0.717361 0.069531 0.106944
0 0.311328 0.772917 0.086719 0.251389
0 0.769531 0.797917 0.092188 0.254167
2 0.311328 0.835417 0.060156 0.104167
0 0.104297 0.759028 0.100781 0.265278
1 0.942969 0.756250 0.071875 0.104167
