0 0.663672 0.769444 0.058594 0.188889
2 0.818750 0.812500 0.046875 0.075000
1 0.508984 0.677778 0.039844 0.069444
2 0.669141 0.745139 0.041406 0.070833
1 0.661328 0.817361 0.041406 0.076389
0 0.819922 0.767361 0.064844 0.179167
2 0.657031 0.677778 0.040625 0.069444
2 0.823438 0.739583 0.045312 0.070833
1 0.166016 0.829861 0.049219 0.081944
2 0.509375 0.820833 0.040625 0.077778
1 0.155469 0.756944 0.048438 0.075000
0 0.504297 0.775000 0.057031 0.186111
1 0.334766 0.825000 0.042969 0.077778
1 0.498047 0.743750 0.039844 0.070833
0 0.162109 0.784722 0.067969 0.194444
0 0.338672 0.779167 0.063281 0.183333
