2 0.816797 0.725000 0.044531 0.072222
1 0.503516 0.664583 0.038281 0.070833
2 0.665234 0.729167 0.041406 0.072222
2 0.651953 0.662500 0.039844 0.069444
2 0.505078 0.806250 0.041406 0.076389
1 0.161328 0.819444 0.047656 0.080556
1 0.331250 0.812500 0.042188 0.077778
1 0.494922 0.731250 0.038281 0.068056
0 0.659375 0.752778 0.062500 0.186111
1 0.657031 0.800000 0.040625 0.075000
0 0.814844 0.753472 0.062500 0.173611
2 0.812891 0.795833 0.044531 0.075000
0 0.499609 0.761111 0.057031 0.191667
0 0.156250 0.777083 0.068750 0.187500
1 0.151562 0.742361 0.046875 0.076389
0 0.335547 0.766667 0.063281 0.186111
