0 0.699219 0.819444 0.062500 0.194444
2 0.705859 0.793056 0.044531 0.075000
1 0.698828 0.868056 0.044531 0.080556
0 0.533594 0.820833 0.060937 0.197222
1 0.527734 0.790972 0.039844 0.070833
2 0.539062 0.868750 0.043750 0.081944
2 0.870703 0.790972 0.050781 0.076389
1 0.189453 0.793056 0.046094 0.075000
2 0.691406 0.722917 0.043750 0.073611
1 0.537109 0.720833 0.039844 0.069444
2 0.867188 0.867361 0.050000 0.079167
1 0.198047 0.868750 0.046094 0.081944
0 0.869531 0.822222 0.071875 0.188889
1 0.362891 0.868750 0.042969 0.079167
0 0.194922 0.825000 0.066406 0.188889
0 0.366797 0.825000 0.066406 0.186111
