1 0.515234 0.738889 0.039844 0.069444
0 0.684375 0.771528 0.062500 0.187500
2 0.689063 0.746528 0.043750 0.073611
2 0.849609 0.749306 0.047656 0.073611
1 0.186719 0.805556 0.046875 0.077778
1 0.525000 0.670139 0.039062 0.070833
2 0.844141 0.822222 0.049219 0.077778
0 0.846094 0.777778 0.070312 0.188889
1 0.178906 0.731944 0.046875 0.075000
1 0.681250 0.818750 0.042188 0.076389
2 0.524609 0.813889 0.042969 0.080556
0 0.183203 0.762500 0.066406 0.172222
0 0.521875 0.768750 0.056250 0.187500
2 0.676172 0.679167 0.042969 0.072222
1 0.351172 0.809722 0.042969 0.075000
0 0.353906 0.766667 0.064062 0.188889
