2 0.880469 0.815972 0.050000 0.079167
1 0.539062 0.732639 0.039062 0.070833
1 0.211328 0.727778 0.044531 0.072222
1 0.548828 0.665972 0.039844 0.070833
1 0.709766 0.811806 0.044531 0.079167
2 0.717578 0.739583 0.044531 0.076389
2 0.703516 0.670833 0.042969 0.072222
0 0.885156 0.768750 0.071875 0.190278
1 0.378125 0.804861 0.040625 0.076389
2 0.884766 0.740278 0.050781 0.075000
2 0.550000 0.807639 0.043750 0.079167
1 0.218750 0.802083 0.046875 0.076389
0 0.214062 0.759722 0.065625 0.177778
0 0.546875 0.761806 0.057813 0.187500
0 0.712500 0.763889 0.065625 0.194444
0 0.380469 0.760417 0.060937 0.176389
