2 0.680078 0.709722 0.042969 0.072222
1 0.508203 0.704167 0.039844 0.069444
1 0.518750 0.636111 0.037500 0.069444
1 0.173047 0.701389 0.046094 0.075000
0 0.834375 0.734722 0.068750 0.177778
0 0.674609 0.733333 0.058594 0.183333
1 0.672266 0.778472 0.042969 0.076389
2 0.837891 0.709028 0.046094 0.070833
0 0.515234 0.731250 0.057031 0.181944
2 0.832031 0.779861 0.046875 0.073611
2 0.519141 0.777083 0.041406 0.076389
2 0.667188 0.641667 0.040625 0.069444
1 0.182031 0.775000 0.046875 0.077778
1 0.346094 0.775000 0.042188 0.077778
0 0.177734 0.729861 0.066406 0.181944
0 0.347266 0.732639 0.063281 0.179167
