1 0.568750 0.673611 0.040625 0.072222
1 0.560937 0.743750 0.040625 0.070833
1 0.243359 0.827083 0.044531 0.076389
2 0.742188 0.740972 0.046875 0.076389
2 0.916406 0.732639 0.053125 0.079167
2 0.726172 0.670139 0.044531 0.073611
1 0.735547 0.813889 0.046094 0.080556
2 0.573828 0.817361 0.042969 0.081944
1 0.234375 0.756250 0.043750 0.073611
2 0.914062 0.809028 0.053125 0.081944
0 0.914453 0.760417 0.074219 0.195833
1 0.400000 0.821528 0.040625 0.076389
0 0.567969 0.773611 0.059375 0.188889
0 0.737500 0.765972 0.065625 0.201389
0 0.239063 0.785417 0.062500 0.179167
0 0.400000 0.776389 0.062500 0.186111
