1 0.505469 0.696528 0.039062 0.070833
1 0.494141 0.765278 0.039844 0.069444
1 0.156641 0.815972 0.049219 0.081944
1 0.657813 0.853472 0.042188 0.076389
2 0.816406 0.865278 0.046875 0.077778
2 0.666016 0.783333 0.042969 0.075000
2 0.821875 0.791667 0.046875 0.072222
2 0.654297 0.713194 0.041406 0.070833
2 0.502734 0.840972 0.042969 0.081944
0 0.499609 0.793750 0.058594 0.193056
0 0.819531 0.820139 0.068750 0.184722
1 0.150000 0.739583 0.046875 0.076389
1 0.326562 0.827778 0.043750 0.080556
0 0.660547 0.806250 0.060156 0.187500
0 0.155078 0.770139 0.069531 0.187500
0 0.328125 0.782639 0.070312 0.193056
