2 0.834375 0.853472 0.048438 0.073611
1 0.171875 0.659722 0.046875 0.072222
0 0.666016 0.831250 0.067969 0.193056
1 0.502734 0.754861 0.039844 0.070833
2 0.675000 0.807639 0.043750 0.073611
2 0.667578 0.736806 0.042969 0.073611
2 0.507031 0.831250 0.043750 0.079167
1 0.173047 0.732639 0.046094 0.079167
1 0.518359 0.689583 0.039844 0.070833
0 0.506641 0.781250 0.069531 0.195833
1 0.661328 0.875000 0.042969 0.077778
0 0.828906 0.881250 0.075000 0.181944
2 0.823047 0.923611 0.049219 0.077778
1 0.335156 0.781250 0.042188 0.079167
0 0.173047 0.689583 0.071094 0.176389
0 0.338281 0.738889 0.076563 0.197222
