2 0.829688 0.859722 0.048438 0.075000
2 0.671875 0.810417 0.043750 0.073611
0 0.825000 0.890278 0.084375 0.188889
1 0.516406 0.688194 0.039062 0.070833
1 0.170313 0.723611 0.046875 0.077778
2 0.819922 0.929167 0.049219 0.075000
1 0.499219 0.753472 0.040625 0.070833
2 0.664844 0.739583 0.042188 0.073611
1 0.657422 0.877778 0.042969 0.075000
2 0.503125 0.829861 0.043750 0.076389
1 0.167969 0.648611 0.046875 0.075000
1 0.332031 0.775694 0.043750 0.079167
0 0.500391 0.785417 0.078906 0.190278
0 0.664062 0.836111 0.068750 0.191667
0 0.173828 0.674306 0.082031 0.195833
0 0.339453 0.730556 0.072656 0.194444
