1 0.506250 0.675000 0.039062 0.069444
2 0.668750 0.741667 0.042188 0.075000
2 0.823047 0.736111 0.046094 0.069444
2 0.819922 0.806944 0.046094 0.075000
2 0.655078 0.675000 0.041406 0.069444
2 0.508594 0.818750 0.042188 0.079167
1 0.497656 0.743750 0.040625 0.070833
1 0.153906 0.754861 0.048438 0.076389
0 0.503516 0.772917 0.057031 0.184722
0 0.158984 0.784028 0.066406 0.190278
1 0.661719 0.812500 0.040625 0.075000
1 0.332813 0.824306 0.043750 0.081944
1 0.162109 0.830556 0.049219 0.080556
0 0.821484 0.763889 0.066406 0.175000
0 0.664062 0.765278 0.060937 0.186111
0 0.336719 0.777778 0.064062 0.186111
