1 0.510156 0.735417 0.040625 0.073611
2 0.681641 0.719444 0.042969 0.075000
2 0.522656 0.809028 0.042188 0.079167
1 0.517578 0.665972 0.039844 0.070833
0 0.837109 0.729167 0.066406 0.175000
1 0.170313 0.774306 0.046875 0.076389
1 0.676562 0.790278 0.042188 0.075000
2 0.836719 0.771528 0.046875 0.076389
0 0.516016 0.764583 0.061719 0.190278
2 0.666797 0.652778 0.041406 0.072222
1 0.180859 0.849306 0.049219 0.081944
1 0.348047 0.829861 0.042969 0.076389
0 0.676562 0.743750 0.062500 0.187500
2 0.839063 0.699306 0.046875 0.070833
0 0.175000 0.806250 0.068750 0.184722
1 0.348828 0.825694 0.050781 0.098611
0 0.350000 0.787500 0.060937 0.188889
