1 0.317969 0.859722 0.045312 0.080556
1 0.489063 0.779861 0.039062 0.070833
0 0.657422 0.806944 0.063281 0.188889
0 0.495312 0.809722 0.059375 0.188889
2 0.648438 0.713889 0.040625 0.069444
2 0.660547 0.781250 0.042969 0.070833
2 0.813672 0.780556 0.044531 0.072222
1 0.498828 0.710417 0.039844 0.070833
2 0.808984 0.850694 0.046094 0.076389
1 0.652344 0.852083 0.042188 0.076389
2 0.803516 0.713194 0.044531 0.070833
1 0.135937 0.787500 0.050000 0.080556
2 0.331250 0.790972 0.043750 0.070833
2 0.158203 0.711806 0.050781 0.084722
1 0.146094 0.862500 0.050000 0.083333
0 0.149609 0.807639 0.082031 0.206944
0 0.321875 0.811806 0.065625 0.195833
0 0.812891 0.806944 0.069531 0.177778
2 0.323047 0.722917 0.044531 0.076389
2 0.499219 0.856250 0.042188 0.081944
