1 0.684375 0.851389 0.043750 0.077778
1 0.527734 0.704167 0.039844 0.072222
1 0.350781 0.848611 0.043750 0.080556
2 0.692187 0.780556 0.043750 0.075000
2 0.528125 0.850000 0.043750 0.080556
2 0.679297 0.711111 0.042969 0.069444
1 0.187891 0.843750 0.047656 0.081944
2 0.852344 0.783333 0.048438 0.075000
2 0.846875 0.855556 0.048438 0.077778
2 0.841797 0.713889 0.047656 0.075000
2 0.356250 0.713889 0.043750 0.075000
0 0.520703 0.805556 0.061719 0.191667
1 0.517969 0.771528 0.039062 0.070833
1 0.177344 0.770139 0.046875 0.076389
2 0.197656 0.697917 0.046875 0.079167
2 0.363281 0.779861 0.042188 0.068056
0 0.686328 0.806250 0.061719 0.193056
0 0.185547 0.792361 0.072656 0.204167
0 0.355469 0.802778 0.064062 0.188889
0 0.848047 0.807639 0.069531 0.193056
