0 0.680078 0.807639 0.060156 0.193056
1 0.677344 0.854167 0.043750 0.077778
2 0.844531 0.786111 0.048438 0.075000
1 0.522266 0.707639 0.039844 0.070833
1 0.171094 0.772917 0.048438 0.079167
2 0.834375 0.715278 0.046875 0.075000
2 0.685547 0.781250 0.042969 0.073611
1 0.512109 0.775000 0.039844 0.069444
2 0.191797 0.702778 0.049219 0.080556
2 0.522656 0.853472 0.042188 0.079167
2 0.673438 0.713889 0.042188 0.072222
0 0.841406 0.810417 0.067187 0.187500
1 0.345313 0.851389 0.043750 0.080556
2 0.350391 0.718750 0.042969 0.073611
2 0.839453 0.856250 0.047656 0.076389
2 0.357031 0.781250 0.043750 0.068056
1 0.181641 0.849306 0.049219 0.081944
0 0.178125 0.798611 0.073438 0.197222
0 0.518750 0.806250 0.059375 0.190278
0 0.351172 0.805556 0.060156 0.180556
