1 0.665625 0.783333 0.042188 0.075000
2 0.826562 0.704167 0.045312 0.072222
2 0.659375 0.647222 0.040625 0.069444
1 0.510156 0.650000 0.039062 0.069444
1 0.501172 0.718750 0.039844 0.068056
2 0.338672 0.672222 0.042969 0.075000
1 0.170313 0.814583 0.046875 0.081944
0 0.668359 0.738194 0.064844 0.190278
0 0.826172 0.732639 0.071094 0.179167
1 0.158203 0.740972 0.049219 0.079167
2 0.821875 0.775000 0.046875 0.075000
1 0.336328 0.806250 0.042969 0.079167
2 0.816406 0.637500 0.045312 0.072222
2 0.176172 0.666667 0.049219 0.080556
2 0.672656 0.714583 0.042188 0.073611
2 0.512891 0.793750 0.042969 0.079167
0 0.508984 0.745139 0.058594 0.187500
2 0.345313 0.738194 0.039062 0.068056
0 0.166797 0.767361 0.075781 0.201389
0 0.337891 0.760417 0.063281 0.193056
