1 0.517578 0.718750 0.038281 0.070833
1 0.506641 0.788889 0.039844 0.069444
2 0.682031 0.798611 0.043750 0.075000
0 0.676172 0.825000 0.060156 0.188889
0 0.513281 0.818750 0.059375 0.190278
2 0.840625 0.804167 0.046875 0.075000
1 0.674609 0.870139 0.042969 0.079167
2 0.517188 0.865278 0.042188 0.080556
2 0.829688 0.733333 0.046875 0.075000
2 0.353516 0.792361 0.038281 0.068056
1 0.335547 0.857639 0.042969 0.087500
2 0.185547 0.709028 0.049219 0.079167
2 0.836719 0.875000 0.046875 0.077778
2 0.343750 0.722917 0.043750 0.073611
0 0.343359 0.818056 0.069531 0.194444
2 0.667969 0.728472 0.040625 0.070833
0 0.837109 0.828472 0.066406 0.184722
1 0.169922 0.856250 0.049219 0.079167
1 0.163281 0.780556 0.046875 0.080556
0 0.173437 0.805556 0.081250 0.197222
