1 0.496484 0.726389 0.039844 0.069444
2 0.811719 0.814583 0.045312 0.073611
2 0.328516 0.798611 0.039844 0.069444
2 0.494531 0.873611 0.043750 0.080556
2 0.657422 0.808333 0.042969 0.075000
0 0.809375 0.843750 0.068750 0.176389
1 0.485156 0.795833 0.040625 0.072222
2 0.156641 0.709722 0.050781 0.086111
0 0.491406 0.826389 0.060937 0.194444
2 0.321094 0.729861 0.045312 0.076389
2 0.644922 0.737500 0.039844 0.072222
1 0.312109 0.866667 0.046094 0.083333
2 0.807031 0.886111 0.046875 0.077778
0 0.317578 0.818750 0.077344 0.193056
1 0.139453 0.859722 0.050781 0.083333
0 0.654687 0.834722 0.062500 0.183333
1 0.132422 0.782639 0.050781 0.081944
2 0.800391 0.745833 0.046094 0.075000
1 0.649219 0.879861 0.042188 0.076389
0 0.137891 0.810417 0.083594 0.201389
