1 0.527734 0.746528 0.039844 0.068056
0 0.536328 0.775000 0.063281 0.194444
2 0.703516 0.756944 0.044531 0.075000
1 0.203125 0.812500 0.046875 0.080556
2 0.539062 0.822917 0.042188 0.079167
0 0.863672 0.790278 0.080469 0.188889
1 0.696094 0.827778 0.043750 0.077778
2 0.691406 0.685417 0.042188 0.070833
1 0.362109 0.818056 0.042969 0.077778
2 0.868750 0.759028 0.050000 0.076389
2 0.857422 0.688889 0.049219 0.075000
0 0.695703 0.783333 0.067969 0.186111
1 0.538281 0.677778 0.039062 0.069444
2 0.213281 0.670139 0.046875 0.079167
2 0.367578 0.686111 0.042969 0.075000
2 0.862891 0.833333 0.049219 0.077778
2 0.375781 0.751389 0.039062 0.069444
1 0.193750 0.740972 0.046875 0.076389
0 0.202344 0.767361 0.071875 0.190278
0 0.367578 0.773611 0.061719 0.177778
