0 0.210938 0.644792 0.068750 0.147917
0 0.370312 0.632292 0.065625 0.143750
0 0.533594 0.618750 0.064062 0.137500
0 0.699219 0.605208 0.064062 0.131250
0 0.892969 0.590625 0.064062 0.131250
1 0.894531 0.623958 0.042188 0.056250
1 0.691406 0.534375 0.042188 0.056250
1 0.374219 0.666667 0.045312 0.058333
1 0.200781 0.625000 0.048438 0.058333
1 0.215625 0.682292 0.050000 0.060417
2 0.213281 0.564583 0.048438 0.062500
2 0.371875 0.553125 0.043750 0.060417
2 0.364844 0.610417 0.045312 0.058333
2 0.536719 0.653125 0.042188 0.056250
2 0.705469 0.587500 0.042188 0.054167
2 0.695312 0.641667 0.040625 0.050000
