2 0.055469 0.516667 0.051562 0.070833
1 0.039062 0.581250 0.053125 0.066667
1 0.055469 0.641667 0.054688 0.062500
0 0.049219 0.600000 0.067187 0.154167
2 0.229687 0.516667 0.046875 0.062500
2 0.218750 0.575000 0.050000 0.062500
1 0.228125 0.633333 0.050000 0.058333
0 0.222656 0.595833 0.070312 0.141667
2 0.398438 0.626042 0.046875 0.052083
0 0.396094 0.592708 0.064062 0.139583
1 0.553906 0.520833 0.045312 0.066667
2 0.564844 0.572917 0.042188 0.058333
2 0.555469 0.625000 0.042188 0.054167
0 0.559375 0.587500 0.059375 0.133333
1 0.740625 0.614583 0.043750 0.054167
0 0.742188 0.582292 0.059375 0.127083
