2 0.188281 0.581250 0.051562 0.062500
1 0.176563 0.643750 0.050000 0.062500
1 0.191406 0.698958 0.051562 0.060417
0 0.185156 0.660417 0.067187 0.150000
2 0.350781 0.570833 0.048438 0.058333
2 0.343750 0.627083 0.046875 0.062500
1 0.351562 0.683333 0.046875 0.058333
0 0.346875 0.648958 0.068750 0.147917
2 0.515625 0.669792 0.043750 0.056250
0 0.512500 0.636458 0.062500 0.139583
1 0.669531 0.554167 0.045312 0.062500
2 0.682813 0.607292 0.043750 0.056250
2 0.676562 0.660417 0.046875 0.058333
0 0.677344 0.625000 0.067187 0.137500
1 0.869531 0.645833 0.051562 0.058333
0 0.865625 0.611458 0.068750 0.135417
