2 0.045312 0.572917 0.050000 0.066667
1 0.032813 0.638542 0.050000 0.064583
1 0.042969 0.697917 0.054688 0.058333
0 0.040625 0.657292 0.068750 0.156250
2 0.220312 0.570833 0.050000 0.066667
2 0.209375 0.627083 0.050000 0.066667
1 0.218750 0.686458 0.050000 0.060417
0 0.214062 0.651042 0.065625 0.152083
2 0.391406 0.679167 0.045312 0.058333
0 0.388281 0.640625 0.064062 0.139583
1 0.547656 0.565625 0.042188 0.060417
2 0.559375 0.616667 0.040625 0.054167
2 0.548438 0.668750 0.043750 0.054167
0 0.553125 0.632292 0.059375 0.135417
1 0.732812 0.656250 0.040625 0.054167
0 0.733594 0.625000 0.060937 0.133333
