2 0.206250 0.565625 0.050000 0.060417
1 0.196875 0.625000 0.053125 0.058333
1 0.210938 0.683333 0.046875 0.062500
0 0.201563 0.644792 0.068750 0.143750
2 0.365625 0.555208 0.043750 0.064583
2 0.358594 0.610417 0.048438 0.062500
1 0.367188 0.666667 0.050000 0.054167
0 0.362500 0.631250 0.065625 0.141667
2 0.530469 0.652083 0.045312 0.058333
0 0.526563 0.620833 0.065625 0.141667
1 0.684375 0.539583 0.043750 0.062500
2 0.698438 0.588542 0.040625 0.056250
2 0.689844 0.640625 0.048438 0.056250
0 0.691406 0.605208 0.067187 0.139583
1 0.887500 0.623958 0.053125 0.056250
0 0.885156 0.590625 0.067187 0.135417
