1 0.082031 0.644792 0.054688 0.060417
0 0.077344 0.603125 0.067187 0.152083
2 0.245312 0.575000 0.046875 0.058333
1 0.254688 0.636458 0.046875 0.060417
0 0.249219 0.598958 0.067187 0.143750
2 0.421875 0.631250 0.043750 0.062500
0 0.417969 0.595833 0.057813 0.141667
1 0.577344 0.521875 0.042188 0.064583
2 0.589063 0.572917 0.040625 0.058333
2 0.580469 0.622917 0.042188 0.054167
0 0.584375 0.587500 0.056250 0.129167
2 0.770312 0.519792 0.040625 0.064583
2 0.760938 0.567708 0.040625 0.056250
1 0.772656 0.615625 0.045312 0.056250
0 0.767969 0.583333 0.060937 0.129167
1 0.070312 0.582292 0.046875 0.056250
