0 0.062500 0.580208 0.075000 0.152083
1 0.054688 0.558333 0.053125 0.062500
1 0.071094 0.619792 0.051562 0.060417
0 0.235937 0.569792 0.068750 0.143750
2 0.232031 0.548958 0.048438 0.064583
1 0.241406 0.608333 0.048438 0.054167
0 0.407031 0.560417 0.064062 0.137500
2 0.410938 0.594792 0.043750 0.056250
0 0.572656 0.550000 0.060937 0.133333
1 0.566406 0.483333 0.045312 0.062500
2 0.578906 0.533333 0.042188 0.054167
2 0.568750 0.585417 0.043750 0.050000
0 0.754687 0.539583 0.062500 0.129167
2 0.758594 0.472917 0.042188 0.058333
2 0.749219 0.526042 0.042188 0.052083
1 0.760938 0.571875 0.040625 0.052083
