1 0.090625 0.591667 0.046875 0.066667
1 0.107813 0.647917 0.046875 0.066667
0 0.099219 0.609375 0.067187 0.147917
2 0.264844 0.576042 0.048438 0.060417
1 0.273438 0.635417 0.046875 0.066667
0 0.267969 0.597917 0.070312 0.141667
2 0.439063 0.621875 0.040625 0.064583
0 0.437500 0.589583 0.062500 0.137500
1 0.595313 0.511458 0.040625 0.064583
2 0.606250 0.562500 0.040625 0.054167
2 0.598437 0.613542 0.040625 0.056250
0 0.600781 0.580208 0.060937 0.131250
2 0.788281 0.502083 0.039062 0.054167
2 0.778125 0.556250 0.040625 0.050000
1 0.792969 0.606250 0.042188 0.058333
0 0.785156 0.572917 0.060937 0.133333
