1 0.060156 0.595833 0.054688 0.066667
1 0.074219 0.656250 0.051562 0.062500
0 0.068750 0.617708 0.071875 0.152083
2 0.235937 0.585417 0.050000 0.062500
1 0.243750 0.645833 0.050000 0.062500
0 0.239844 0.609375 0.067187 0.143750
2 0.414844 0.640625 0.045312 0.056250
0 0.410156 0.604167 0.064062 0.137500
1 0.569531 0.529167 0.045312 0.062500
2 0.580469 0.581250 0.042188 0.058333
2 0.573438 0.634375 0.040625 0.052083
0 0.574219 0.600000 0.057813 0.133333
2 0.761719 0.528125 0.042188 0.060417
2 0.752344 0.579167 0.042188 0.050000
1 0.764062 0.622917 0.040625 0.054167
0 0.759375 0.587500 0.059375 0.133333
