0 0.509375 0.615278 0.078125 0.258333
1 0.902734 0.668750 0.061719 0.095833
1 0.722656 0.668750 0.054688 0.095833
0 0.732812 0.615972 0.084375 0.226389
1 0.743750 0.579167 0.059375 0.100000
2 0.067578 0.676389 0.072656 0.111111
2 0.917188 0.493750 0.065625 0.095833
1 0.510938 0.682639 0.056250 0.101389
2 0.048828 0.573611 0.074219 0.108333
0 0.902734 0.613889 0.096094 0.227778
1 0.897656 0.575694 0.062500 0.093056
0 0.058594 0.613889 0.107813 0.266667
2 0.276172 0.677083 0.060156 0.101389
0 0.272266 0.613889 0.097656 0.255556
