2 0.074609 0.685417 0.071094 0.109722
1 0.755469 0.635417 0.060937 0.098611
0 0.514844 0.656250 0.082812 0.262500
2 0.931641 0.559722 0.064844 0.097222
0 0.067578 0.625694 0.108594 0.265278
1 0.517578 0.723611 0.057031 0.102778
2 0.061719 0.584028 0.073438 0.106944
1 0.732812 0.725000 0.056250 0.100000
1 0.917188 0.737500 0.062500 0.097222
0 0.917188 0.683333 0.103125 0.233333
1 0.912109 0.642361 0.061719 0.093056
0 0.744922 0.673611 0.092969 0.233333
2 0.281250 0.701389 0.059375 0.102778
0 0.280469 0.643750 0.082812 0.259722
