0 0.508594 0.650000 0.079687 0.258333
1 0.905859 0.731250 0.061719 0.095833
1 0.723828 0.718056 0.055469 0.100000
1 0.509766 0.715972 0.057031 0.106944
1 0.745313 0.630556 0.059375 0.097222
2 0.051562 0.572917 0.075000 0.112500
0 0.736719 0.668750 0.085938 0.245833
2 0.065234 0.678472 0.074219 0.109722
2 0.273828 0.693056 0.060156 0.102778
0 0.907031 0.675694 0.100000 0.240278
2 0.921484 0.556250 0.064844 0.098611
0 0.057813 0.613194 0.104688 0.265278
1 0.901953 0.637500 0.063281 0.094444
0 0.271875 0.628472 0.085938 0.256944
