2 0.067187 0.716667 0.071875 0.111111
2 0.929688 0.618750 0.065625 0.098611
0 0.512891 0.704861 0.083594 0.262500
2 0.057813 0.612500 0.075000 0.108333
1 0.917578 0.798611 0.063281 0.100000
1 0.731250 0.779861 0.056250 0.101389
0 0.915234 0.745833 0.099219 0.227778
1 0.753906 0.690972 0.060937 0.098611
1 0.515234 0.770139 0.060156 0.106944
0 0.060547 0.654861 0.107031 0.262500
2 0.276172 0.738889 0.060156 0.105556
0 0.740234 0.726389 0.094531 0.247222
1 0.910156 0.701389 0.065625 0.094444
0 0.278906 0.679167 0.089063 0.261111
