0 0.913672 0.652083 0.102344 0.229167
0 0.514453 0.627778 0.086719 0.252778
1 0.730078 0.693750 0.055469 0.095833
2 0.930078 0.529167 0.066406 0.097222
1 0.516016 0.693056 0.055469 0.100000
0 0.066406 0.600000 0.107813 0.255556
1 0.913672 0.704167 0.063281 0.097222
2 0.060156 0.556944 0.071875 0.108333
2 0.074609 0.661806 0.071094 0.109722
1 0.908594 0.610417 0.065625 0.093056
1 0.753906 0.603472 0.059375 0.095833
0 0.741797 0.638889 0.088281 0.238889
2 0.280859 0.673611 0.058594 0.102778
0 0.282422 0.613194 0.086719 0.256944
