0 0.740625 0.622917 0.090625 0.226389
1 0.728516 0.675000 0.055469 0.097222
2 0.073047 0.643750 0.069531 0.109722
1 0.515625 0.674306 0.056250 0.101389
0 0.514062 0.611111 0.081250 0.252778
1 0.911328 0.684028 0.063281 0.095833
2 0.057813 0.543056 0.071875 0.105556
0 0.915234 0.627083 0.108594 0.237500
2 0.928516 0.508333 0.066406 0.097222
1 0.751953 0.587500 0.060156 0.097222
0 0.064062 0.584722 0.106250 0.261111
2 0.279687 0.656250 0.059375 0.104167
1 0.907031 0.588889 0.065625 0.094444
0 0.276953 0.600000 0.086719 0.252778
