0 0.518359 0.638194 0.083594 0.268056
2 0.066016 0.570139 0.074219 0.106944
0 0.073438 0.612500 0.106250 0.255556
2 0.080859 0.672917 0.071094 0.109722
1 0.920703 0.698611 0.064844 0.097222
1 0.736328 0.693750 0.055469 0.098611
1 0.522266 0.697222 0.057031 0.100000
1 0.757812 0.602778 0.059375 0.097222
0 0.922266 0.644444 0.102344 0.222222
0 0.745703 0.640278 0.088281 0.241667
2 0.934766 0.524306 0.064844 0.095833
1 0.914844 0.606250 0.064062 0.095833
2 0.287109 0.681250 0.058594 0.101389
0 0.284375 0.620833 0.082812 0.258333
