0 0.517578 0.702083 0.085156 0.259722
1 0.733203 0.758333 0.055469 0.100000
1 0.750391 0.668750 0.058594 0.095833
0 0.287500 0.692361 0.089063 0.248611
2 0.063672 0.643750 0.074219 0.109722
1 0.510938 0.762500 0.056250 0.105556
1 0.912500 0.760417 0.062500 0.095833
0 0.069922 0.689583 0.107031 0.251389
2 0.287500 0.754861 0.059375 0.104167
2 0.512109 0.570139 0.060156 0.104167
1 0.297656 0.553472 0.060937 0.101389
1 0.283984 0.652083 0.058594 0.098611
2 0.076563 0.749306 0.071875 0.112500
1 0.527734 0.661111 0.057031 0.100000
0 0.909766 0.709028 0.094531 0.229167
2 0.917578 0.586111 0.064844 0.094444
0 0.741406 0.706944 0.085938 0.227778
1 0.902734 0.667361 0.061719 0.093056
