0 0.535156 0.711806 0.085938 0.248611
0 0.100000 0.700000 0.101562 0.252778
1 0.317578 0.560417 0.058594 0.101389
2 0.530469 0.575000 0.059375 0.105556
1 0.775391 0.670139 0.060156 0.098611
1 0.758984 0.760417 0.057031 0.101389
2 0.092969 0.657639 0.071875 0.104167
1 0.531250 0.768056 0.056250 0.102778
2 0.104688 0.759028 0.068750 0.109722
2 0.310156 0.762500 0.059375 0.102778
0 0.307812 0.700000 0.084375 0.252778
2 0.949609 0.582639 0.066406 0.095833
0 0.764453 0.709722 0.086719 0.241667
1 0.305078 0.658333 0.058594 0.102778
1 0.945703 0.761806 0.066406 0.098611
1 0.547656 0.667361 0.057813 0.101389
0 0.944531 0.710417 0.101562 0.231944
1 0.935937 0.665972 0.065625 0.098611
