1 0.551172 0.777083 0.057031 0.101389
0 0.096875 0.823611 0.103125 0.266667
1 0.958203 0.854167 0.067969 0.102778
0 0.306641 0.820139 0.089844 0.256944
1 0.783203 0.768056 0.061719 0.100000
0 0.542188 0.819444 0.085938 0.263889
2 0.533203 0.680556 0.060156 0.105556
0 0.948438 0.798611 0.098437 0.233333
1 0.535937 0.881944 0.059375 0.111111
1 0.767188 0.862500 0.059375 0.105556
2 0.102734 0.885417 0.071094 0.112500
1 0.319531 0.670139 0.059375 0.104167
2 0.091406 0.778472 0.071875 0.109722
2 0.310547 0.881944 0.060156 0.108333
1 0.304297 0.775694 0.060156 0.104167
2 0.954688 0.670139 0.068750 0.101389
0 0.770312 0.807639 0.090625 0.256944
1 0.944922 0.755556 0.066406 0.097222
