0 0.538672 0.811806 0.085156 0.259722
0 0.309375 0.804861 0.089063 0.262500
2 0.533984 0.670139 0.060156 0.106944
0 0.949609 0.798611 0.096094 0.233333
1 0.766406 0.856250 0.057813 0.104167
1 0.535547 0.872222 0.058594 0.111111
1 0.957422 0.852083 0.066406 0.101389
2 0.310937 0.868750 0.059375 0.106944
2 0.094141 0.763889 0.071094 0.105556
2 0.103906 0.868750 0.070312 0.112500
1 0.320312 0.661111 0.059375 0.102778
1 0.552344 0.769444 0.056250 0.088889
1 0.305469 0.762500 0.059375 0.105556
2 0.955859 0.668750 0.069531 0.101389
1 0.782422 0.762500 0.061719 0.100000
0 0.100391 0.804861 0.100781 0.262500
0 0.773047 0.803472 0.085156 0.256944
1 0.944141 0.754167 0.067969 0.100000
