0 0.533203 0.720139 0.082031 0.248611
0 0.097656 0.700000 0.098437 0.252778
2 0.526563 0.581250 0.059375 0.101389
1 0.769531 0.682639 0.059375 0.095833
1 0.526953 0.776389 0.057031 0.102778
1 0.300000 0.663194 0.060937 0.101389
1 0.936719 0.775000 0.064062 0.097222
2 0.305859 0.767361 0.058594 0.101389
1 0.544531 0.675000 0.056250 0.100000
1 0.751953 0.771528 0.055469 0.098611
1 0.314453 0.565278 0.060156 0.097222
2 0.101562 0.760417 0.068750 0.109722
2 0.089844 0.657639 0.071875 0.104167
2 0.938281 0.597917 0.068750 0.101389
0 0.304688 0.706250 0.085938 0.254167
0 0.933594 0.720139 0.093750 0.226389
0 0.760938 0.716667 0.089063 0.244444
