0 0.537500 0.765278 0.084375 0.255556
0 0.104297 0.731250 0.100781 0.256944
2 0.534375 0.627778 0.059375 0.102778
1 0.759766 0.831250 0.058594 0.104167
1 0.324609 0.602778 0.060156 0.100000
1 0.950781 0.842361 0.065625 0.101389
2 0.954297 0.660417 0.069531 0.101389
2 0.100391 0.686111 0.067969 0.102778
1 0.531641 0.825694 0.057031 0.106944
1 0.307812 0.700694 0.059375 0.101389
1 0.778516 0.738889 0.061719 0.100000
2 0.309766 0.805556 0.060156 0.105556
0 0.310937 0.741667 0.087500 0.258333
0 0.946094 0.789583 0.100000 0.229167
0 0.769531 0.778472 0.085938 0.256944
2 0.108594 0.790972 0.068750 0.109722
1 0.550000 0.725000 0.056250 0.097222
1 0.939453 0.742361 0.069531 0.101389
