0 0.541797 0.783333 0.086719 0.269444
1 0.534375 0.848611 0.057813 0.105556
1 0.764453 0.847917 0.057031 0.101389
2 0.109766 0.817361 0.067969 0.106944
2 0.101562 0.715278 0.068750 0.105556
0 0.104297 0.759028 0.099219 0.262500
1 0.956250 0.857639 0.068750 0.104167
1 0.325781 0.626389 0.060937 0.100000
2 0.535937 0.650000 0.059375 0.102778
1 0.551953 0.746528 0.057031 0.101389
1 0.783203 0.756250 0.061719 0.101389
2 0.958203 0.677083 0.071094 0.101389
1 0.309375 0.725694 0.059375 0.104167
0 0.771484 0.797222 0.092969 0.255556
2 0.312500 0.831250 0.060937 0.106944
0 0.313281 0.767361 0.089063 0.259722
0 0.950391 0.806250 0.096094 0.237500
1 0.944531 0.758333 0.068750 0.100000
