1 0.659766 0.757639 0.041406 0.073611
2 0.509375 0.762500 0.040625 0.077778
1 0.160938 0.698611 0.046875 0.075000
2 0.668359 0.688889 0.041406 0.072222
1 0.499219 0.687500 0.039062 0.069444
1 0.172656 0.773611 0.046875 0.080556
1 0.508984 0.623611 0.038281 0.069444
2 0.822266 0.682639 0.044531 0.070833
2 0.657031 0.623611 0.040625 0.069444
0 0.505469 0.717361 0.056250 0.181944
0 0.165234 0.729861 0.067969 0.181944
0 0.662500 0.712500 0.059375 0.183333
2 0.816406 0.753472 0.045312 0.073611
0 0.818359 0.711111 0.064844 0.175000
1 0.338281 0.765278 0.043750 0.077778
0 0.338281 0.726389 0.064062 0.188889
