0 0.630469 0.740972 0.057813 0.184722
1 0.476172 0.661111 0.038281 0.072222
1 0.628125 0.787500 0.040625 0.072222
2 0.781250 0.703472 0.042188 0.068056
1 0.302734 0.820139 0.044531 0.081944
1 0.112500 0.762500 0.050000 0.080556
2 0.777344 0.771528 0.042188 0.070833
2 0.635547 0.717361 0.041406 0.070833
2 0.479297 0.802778 0.042969 0.077778
0 0.473047 0.756250 0.058594 0.193056
1 0.124219 0.838194 0.051562 0.084722
0 0.779297 0.729861 0.060156 0.170833
2 0.622266 0.652083 0.039844 0.068056
1 0.467578 0.728472 0.038281 0.070833
0 0.302734 0.775694 0.071094 0.187500
0 0.117969 0.794444 0.073438 0.197222
