2 0.696484 0.859028 0.044531 0.076389
0 0.690234 0.885417 0.064844 0.201389
1 0.527344 0.768750 0.040625 0.070833
0 0.859375 0.904861 0.078125 0.190278
2 0.857422 0.950000 0.050781 0.083333
2 0.682031 0.787500 0.042188 0.075000
1 0.688281 0.935417 0.045312 0.081944
1 0.516406 0.839583 0.040625 0.073611
0 0.522656 0.870833 0.060937 0.200000
2 0.862109 0.873611 0.050781 0.077778
2 0.525781 0.920139 0.045312 0.081944
1 0.178516 0.887500 0.049219 0.083333
1 0.346875 0.902778 0.043750 0.083333
1 0.174609 0.809028 0.046094 0.076389
0 0.177734 0.842361 0.066406 0.187500
0 0.350391 0.858333 0.069531 0.200000
