1 0.439453 0.784722 0.039844 0.069444
2 0.745703 0.848611 0.042969 0.069444
2 0.750391 0.780556 0.041406 0.069444
1 0.450000 0.715278 0.040625 0.072222
1 0.260547 0.872917 0.047656 0.084722
2 0.741016 0.715278 0.041406 0.069444
2 0.596094 0.717361 0.039062 0.068056
2 0.449609 0.861806 0.042969 0.081944
2 0.276953 0.801389 0.044531 0.069444
2 0.607812 0.784722 0.040625 0.072222
2 0.268359 0.731250 0.047656 0.079167
0 0.266797 0.825000 0.072656 0.202778
0 0.067969 0.829861 0.095312 0.218056
1 0.072266 0.880556 0.055469 0.091667
0 0.746875 0.802778 0.062500 0.175000
2 0.085156 0.711806 0.056250 0.087500
1 0.060937 0.800000 0.056250 0.088889
0 0.445703 0.814583 0.058594 0.193056
0 0.602734 0.809028 0.057031 0.184722
1 0.599219 0.854167 0.040625 0.075000
