0 0.654687 0.829861 0.059375 0.193056
2 0.328125 0.815278 0.042188 0.069444
1 0.496875 0.734722 0.040625 0.072222
0 0.492969 0.832639 0.059375 0.195833
2 0.646484 0.736806 0.039844 0.070833
1 0.486719 0.802778 0.040625 0.072222
2 0.808984 0.873611 0.046094 0.075000
1 0.313672 0.887500 0.046094 0.083333
0 0.809375 0.826389 0.068750 0.186111
1 0.651172 0.877778 0.042969 0.077778
2 0.659375 0.804861 0.043750 0.073611
1 0.140234 0.891667 0.052344 0.086111
2 0.812500 0.802778 0.045312 0.072222
2 0.800391 0.734722 0.044531 0.072222
2 0.497656 0.881944 0.043750 0.080556
2 0.320703 0.748611 0.046094 0.077778
2 0.153125 0.738194 0.051562 0.084722
1 0.130078 0.814583 0.050781 0.081944
0 0.319922 0.834722 0.071094 0.211111
0 0.138281 0.839583 0.078125 0.209722
