2 0.821875 0.823611 0.046875 0.075000
1 0.501953 0.750000 0.039844 0.072222
1 0.659375 0.896528 0.043750 0.079167
1 0.319922 0.903472 0.046094 0.084722
2 0.817969 0.895139 0.048438 0.076389
2 0.502344 0.900000 0.045312 0.083333
2 0.652734 0.752778 0.041406 0.072222
2 0.666406 0.824306 0.043750 0.076389
2 0.809766 0.753472 0.046094 0.073611
1 0.137109 0.824306 0.050781 0.087500
1 0.146094 0.904167 0.050000 0.086111
1 0.492188 0.820139 0.040625 0.070833
2 0.326172 0.762500 0.044531 0.077778
2 0.159766 0.750000 0.050781 0.083333
0 0.661328 0.852083 0.061719 0.187500
2 0.331641 0.833333 0.046094 0.075000
0 0.821094 0.851389 0.075000 0.186111
0 0.325000 0.854861 0.068750 0.198611
0 0.498828 0.853472 0.063281 0.198611
0 0.144922 0.852083 0.083594 0.198611
