1 0.615234 0.843750 0.039844 0.073611
2 0.765625 0.762500 0.042188 0.069444
1 0.452734 0.781250 0.039844 0.070833
2 0.755078 0.698611 0.041406 0.069444
2 0.463672 0.858333 0.042969 0.080556
2 0.762500 0.829861 0.043750 0.073611
1 0.461719 0.712500 0.039062 0.069444
2 0.608203 0.706250 0.038281 0.068056
1 0.093359 0.891667 0.053906 0.091667
1 0.277734 0.876389 0.047656 0.083333
2 0.621094 0.772222 0.040625 0.072222
0 0.615625 0.796528 0.060937 0.190278
2 0.282813 0.736111 0.046875 0.080556
0 0.283594 0.827083 0.068750 0.201389
1 0.081641 0.813194 0.053906 0.084722
2 0.291406 0.805556 0.045312 0.072222
2 0.105078 0.733333 0.055469 0.086111
0 0.458984 0.809028 0.057031 0.190278
0 0.087500 0.842361 0.084375 0.209722
0 0.766406 0.784722 0.070312 0.175000
