1 0.544922 0.784722 0.041406 0.075000
0 0.714844 0.888889 0.073438 0.200000
1 0.364453 0.940278 0.044531 0.083333
2 0.717187 0.859028 0.046875 0.076389
0 0.888672 0.888889 0.085156 0.200000
1 0.712109 0.937500 0.047656 0.083333
1 0.535547 0.858333 0.042969 0.072222
2 0.378125 0.867361 0.040625 0.070833
1 0.190625 0.862500 0.046875 0.080556
2 0.872656 0.784028 0.051562 0.079167
2 0.547266 0.938889 0.046094 0.083333
2 0.701172 0.786111 0.044531 0.075000
2 0.369922 0.800000 0.044531 0.077778
0 0.542969 0.890278 0.064062 0.202778
1 0.198828 0.940972 0.049219 0.084722
2 0.885938 0.934028 0.053125 0.084722
0 0.199609 0.890972 0.077344 0.201389
2 0.887109 0.857639 0.052344 0.081944
2 0.212109 0.787500 0.047656 0.080556
0 0.370312 0.892361 0.064062 0.193056
