1 0.669531 0.859722 0.042188 0.076389 
1 0.338672 0.850694 0.043750 0.080556 
1 0.516797 0.711111 0.039062 0.070833 
1 0.174219 0.845139 0.047656 0.081944 
2 0.515234 0.855556 0.043750 0.079167 
0 0.831250 0.818750 0.066406 0.183333 
2 0.835547 0.793056 0.046094 0.073611 
2 0.677734 0.788889 0.042969 0.070833 
2 0.666797 0.720139 0.041406 0.070833 
2 0.828516 0.864583 0.046875 0.076389 
2 0.344922 0.718056 0.042969 0.073611 
1 0.506250 0.777778 0.039844 0.069444 
2 0.352344 0.781944 0.040625 0.066667 
0 0.671484 0.813194 0.060937 0.190278 
0 0.341797 0.804861 0.064062 0.188889 
2 0.825781 0.725000 0.046094 0.073611 
2 0.185156 0.698611 0.047656 0.077778 
1 0.163672 0.770833 0.046875 0.077778 
0 0.172266 0.794444 0.071875 0.200000 
0 0.511328 0.809722 0.057031 0.187500 
