1 0.481250 0.743056 0.040625 0.069444
1 0.491797 0.675000 0.038281 0.069444
2 0.651172 0.751389 0.042969 0.072222
2 0.802734 0.756250 0.044531 0.070833
0 0.486328 0.772917 0.058594 0.187500
2 0.796875 0.824306 0.043750 0.073611
2 0.639453 0.684722 0.039844 0.069444
2 0.490625 0.818056 0.043750 0.077778
2 0.793359 0.689583 0.044531 0.070833
1 0.309766 0.815972 0.044531 0.079167
0 0.646094 0.775000 0.057813 0.183333
1 0.643359 0.821528 0.041406 0.073611
1 0.140234 0.812500 0.050781 0.083333
2 0.318359 0.681944 0.044531 0.075000
2 0.152734 0.662500 0.050781 0.080556
2 0.325781 0.748611 0.040625 0.069444
0 0.316406 0.768750 0.070312 0.193056
0 0.798828 0.781250 0.061719 0.176389
1 0.130078 0.737500 0.050781 0.083333
0 0.133594 0.763194 0.084375 0.198611
