1 0.489453 0.738889 0.038281 0.069444
2 0.807031 0.814583 0.045312 0.073611
0 0.809766 0.770139 0.064844 0.181944
1 0.651953 0.814583 0.041406 0.076389
0 0.655078 0.768750 0.058594 0.184722
2 0.660156 0.743750 0.042188 0.073611
1 0.499219 0.670139 0.039062 0.070833
2 0.802344 0.678472 0.046875 0.073611
1 0.321094 0.815972 0.043750 0.079167
2 0.162891 0.665972 0.049219 0.081944
1 0.151562 0.813194 0.050000 0.081944
2 0.327734 0.681250 0.044531 0.076389
2 0.647266 0.676389 0.041406 0.069444
0 0.496484 0.767361 0.057031 0.187500
2 0.499609 0.813889 0.042969 0.080556
2 0.812891 0.744444 0.044531 0.072222
1 0.142187 0.740278 0.050000 0.080556
2 0.335156 0.748611 0.040625 0.072222
0 0.326562 0.763889 0.067187 0.200000
0 0.146484 0.765278 0.074219 0.202778
