1 0.135156 0.745139 0.050000 0.079167
2 0.655078 0.756250 0.042969 0.073611
1 0.494922 0.679861 0.039844 0.070833
1 0.484375 0.748611 0.040625 0.069444
0 0.803125 0.784028 0.064062 0.181944
1 0.314453 0.825000 0.044531 0.080556
1 0.646875 0.825694 0.042188 0.076389
2 0.801953 0.826389 0.046094 0.075000
2 0.807422 0.758333 0.044531 0.072222
2 0.643359 0.687500 0.039844 0.069444
2 0.494922 0.825000 0.042969 0.077778
0 0.491406 0.778472 0.057813 0.187500
2 0.797266 0.690972 0.044531 0.070833
2 0.329297 0.756944 0.042969 0.072222
2 0.322656 0.689583 0.043750 0.076389
0 0.650000 0.781250 0.056250 0.181944
1 0.144531 0.820833 0.051562 0.083333
2 0.156641 0.673611 0.050781 0.080556
0 0.320703 0.775000 0.069531 0.197222
0 0.140234 0.770139 0.072656 0.201389
