1 0.505078 0.673611 0.038281 0.069444
1 0.658203 0.816667 0.042969 0.075000
2 0.821484 0.747222 0.046094 0.072222
2 0.666406 0.746528 0.042188 0.070833
2 0.653516 0.679861 0.041406 0.070833
0 0.662500 0.768056 0.059375 0.186111
1 0.494922 0.740278 0.039844 0.069444
1 0.326562 0.817361 0.043750 0.079167
2 0.505078 0.816667 0.042969 0.077778
2 0.814844 0.817361 0.045312 0.073611
1 0.159766 0.816667 0.049219 0.080556
2 0.341016 0.750000 0.039844 0.066667
2 0.810547 0.679861 0.046094 0.070833
0 0.498437 0.770833 0.060937 0.188889
2 0.332422 0.684722 0.044531 0.075000
0 0.818359 0.774306 0.067969 0.181944
0 0.334375 0.775000 0.065625 0.183333
2 0.170703 0.671528 0.049219 0.079167
0 0.157422 0.776389 0.074219 0.191667
1 0.150000 0.743056 0.046875 0.077778
