1 0.501953 0.762500 0.039844 0.069444
2 0.674219 0.768750 0.043750 0.073611
2 0.821875 0.704167 0.046875 0.075000
2 0.827734 0.845139 0.047656 0.076389
1 0.511719 0.693750 0.039062 0.070833
1 0.668359 0.842361 0.042969 0.073611
1 0.333594 0.836111 0.043750 0.080556
2 0.832422 0.774306 0.046094 0.073611
0 0.508203 0.790278 0.058594 0.188889
1 0.166797 0.831944 0.049219 0.080556
2 0.512109 0.837500 0.042969 0.080556
1 0.158203 0.758333 0.049219 0.077778
2 0.179297 0.685417 0.049219 0.079167
0 0.831250 0.801389 0.070312 0.191667
0 0.670703 0.794444 0.063281 0.188889
0 0.338281 0.788889 0.065625 0.188889
2 0.340234 0.701389 0.044531 0.075000
2 0.347656 0.770139 0.040625 0.068056
2 0.662500 0.701389 0.042188 0.069444
0 0.167578 0.783333 0.080469 0.194444
