1 0.241016 0.900000 0.043750 0.079167 
2 0.550000 0.911111 0.039062 0.066667 
0 0.404687 0.863194 0.054688 0.179167 
0 0.244531 0.855556 0.064844 0.190278 
0 0.545703 0.871528 0.054688 0.166667 
1 0.058984 0.895833 0.051562 0.086111 
1 0.407031 0.908333 0.039062 0.073611 
2 0.675391 0.913889 0.040625 0.066667 
0 0.671094 0.872917 0.061719 0.162500 
1 0.540234 0.842361 0.037500 0.065278 
1 0.670312 0.789583 0.037500 0.059722 
0 0.065625 0.850000 0.075781 0.204167 
2 0.667578 0.850000 0.042969 0.068056 
