1 0.229687 0.880556 0.042969 0.077778 
0 0.232813 0.837500 0.065625 0.188889 
2 0.536719 0.889583 0.037500 0.066667 
0 0.393750 0.842361 0.054688 0.177778 
1 0.396094 0.887500 0.038281 0.072222 
2 0.658984 0.891667 0.036719 0.062500 
0 0.531641 0.850000 0.053125 0.165278 
1 0.046875 0.878472 0.051562 0.088889 
0 0.051953 0.829167 0.078125 0.206944 
0 0.654687 0.853472 0.054688 0.152778 
2 0.650000 0.828472 0.038281 0.062500 
1 0.526172 0.822917 0.036719 0.063889 
1 0.654297 0.770139 0.036719 0.058333 
