1 0.671875 0.785417 0.038281 0.059722 
2 0.551172 0.907639 0.039062 0.068056 
2 0.680078 0.911111 0.039844 0.066667 
1 0.403516 0.905556 0.039062 0.073611 
1 0.235547 0.895833 0.044531 0.079167 
0 0.673828 0.870139 0.061719 0.163889 
0 0.545312 0.868056 0.056250 0.165278 
0 0.239063 0.853472 0.067969 0.184722 
1 0.053516 0.889583 0.050781 0.084722 
0 0.401953 0.861111 0.053125 0.173611 
2 0.668750 0.847917 0.041406 0.068056 
1 0.539062 0.840972 0.038281 0.066667 
0 0.058203 0.843750 0.084375 0.201389 
