0 0.232422 0.906250 0.067187 0.186111 
1 0.400391 0.959722 0.040625 0.075000 
1 0.230469 0.952778 0.044531 0.081944 
2 0.548438 0.962500 0.039844 0.069444 
2 0.666016 0.900000 0.040625 0.068056 
0 0.542969 0.918056 0.057031 0.162500 
2 0.678516 0.964583 0.042188 0.068056 
0 0.398047 0.911806 0.055469 0.175000 
0 0.671484 0.920833 0.060156 0.156944 
1 0.669141 0.838889 0.039062 0.066667 
1 0.043359 0.948611 0.053906 0.091667 
0 0.048828 0.896528 0.085156 0.205556 
1 0.536719 0.892361 0.039062 0.066667 
