2 0.690625 0.847917 0.039844 0.065278 
2 0.566016 0.842361 0.038281 0.065278 
0 0.421484 0.792361 0.053906 0.172222 
1 0.688281 0.727083 0.039062 0.061111 
2 0.567187 0.716667 0.039062 0.066667 
1 0.262109 0.823611 0.041406 0.073611 
0 0.562109 0.800694 0.056250 0.165278 
2 0.682422 0.786806 0.039844 0.062500 
2 0.265234 0.752778 0.043750 0.073611 
0 0.687109 0.809028 0.059375 0.156944 
1 0.088672 0.814583 0.048438 0.080556 
1 0.424219 0.834722 0.038281 0.069444 
0 0.265234 0.779167 0.062500 0.180556 
0 0.092188 0.768750 0.074219 0.195833 
1 0.556250 0.777083 0.037500 0.063889 
