2 0.545703 0.702083 0.037500 0.065278 
0 0.246094 0.775000 0.060937 0.181944 
2 0.666016 0.827778 0.038281 0.063889 
1 0.244141 0.819444 0.042188 0.075000 
2 0.545703 0.825694 0.037500 0.065278 
1 0.066406 0.818056 0.050781 0.084722 
0 0.541406 0.784028 0.053125 0.161111 
0 0.402734 0.781944 0.052344 0.168056 
0 0.662500 0.787500 0.055469 0.152778 
2 0.657813 0.767361 0.038281 0.062500 
1 0.405859 0.824306 0.037500 0.069444 
2 0.246094 0.749306 0.043750 0.072222 
1 0.662500 0.709722 0.036719 0.058333 
0 0.068750 0.770139 0.077344 0.193056 
1 0.535156 0.760417 0.036719 0.062500 
