1 0.251563 0.783333 0.040625 0.072222
1 0.672266 0.696528 0.036719 0.059722
2 0.554297 0.684028 0.038281 0.065278
2 0.673828 0.815278 0.038281 0.063889
1 0.412109 0.796528 0.036719 0.068056
0 0.409766 0.753472 0.053906 0.170833
2 0.551172 0.806250 0.036719 0.065278
0 0.669531 0.777778 0.054688 0.158333
0 0.253125 0.738889 0.059375 0.183333
1 0.542578 0.743750 0.036719 0.065278
2 0.666016 0.755556 0.039844 0.063889
2 0.254688 0.712500 0.043750 0.069444
1 0.077344 0.768750 0.050000 0.081944
0 0.079297 0.722222 0.075781 0.191667
0 0.548438 0.765972 0.054688 0.162500
