2 0.539844 0.727778 0.039062 0.066667
2 0.542969 0.854167 0.037500 0.066667
0 0.657422 0.816667 0.060156 0.150000
2 0.664844 0.853472 0.039062 0.065278
1 0.234766 0.856944 0.042969 0.075000
1 0.530078 0.790972 0.035156 0.065278
2 0.237500 0.781250 0.043750 0.079167
2 0.654297 0.792361 0.038281 0.062500
0 0.397656 0.812500 0.053125 0.169444
0 0.537891 0.813194 0.055469 0.159722
1 0.656250 0.734722 0.037500 0.061111
1 0.401172 0.856250 0.038281 0.070833
0 0.053516 0.806250 0.082031 0.201389
1 0.051953 0.854167 0.057031 0.086111
0 0.237109 0.808333 0.064844 0.186111
