1 0.712891 0.815972 0.039844 0.062500
2 0.585938 0.802778 0.040625 0.069444
0 0.275391 0.874306 0.067969 0.187500
0 0.438672 0.882639 0.055469 0.181944
2 0.590234 0.936806 0.039844 0.070833
1 0.439844 0.926389 0.039062 0.072222
1 0.271875 0.914583 0.043750 0.076389
1 0.576953 0.867361 0.039844 0.068056
0 0.584766 0.895139 0.060156 0.173611
2 0.711328 0.878472 0.042969 0.070833
2 0.275391 0.838889 0.044531 0.077778
1 0.095312 0.901389 0.053125 0.088889
0 0.715625 0.905556 0.065625 0.166667
0 0.100000 0.856944 0.079687 0.194444
2 0.725000 0.943750 0.043750 0.070833
