2 0.710156 0.848611 0.042188 0.066667
2 0.576562 0.717361 0.040625 0.068056
1 0.701172 0.725000 0.039844 0.061111
1 0.436328 0.842361 0.038281 0.070833
0 0.432422 0.797917 0.055469 0.170833
2 0.580469 0.845139 0.039062 0.068056
0 0.574219 0.802778 0.059375 0.163889
0 0.703906 0.811111 0.064062 0.158333
2 0.698438 0.784028 0.040625 0.065278
1 0.272656 0.836806 0.042188 0.076389
2 0.273828 0.763889 0.042969 0.072222
1 0.098437 0.829861 0.050000 0.081944
0 0.098437 0.786806 0.073438 0.184722
0 0.272656 0.795833 0.060937 0.177778
1 0.567578 0.781250 0.038281 0.068056
