2 0.551953 0.727778 0.038281 0.066667
2 0.557031 0.854167 0.037500 0.066667
2 0.250781 0.779861 0.043750 0.076389
2 0.679688 0.852778 0.040625 0.066667
1 0.670703 0.734722 0.038281 0.058333
0 0.549609 0.815278 0.060156 0.163889
0 0.674609 0.815972 0.060156 0.154167
0 0.410156 0.812500 0.054688 0.169444
1 0.413672 0.854167 0.038281 0.069444
1 0.543359 0.790972 0.036719 0.065278
1 0.248047 0.854167 0.042969 0.075000
2 0.668359 0.791667 0.038281 0.063889
1 0.068359 0.852083 0.053906 0.087500
0 0.072266 0.806250 0.075781 0.195833
0 0.250391 0.808333 0.060156 0.183333
