2 0.692187 0.875000 0.040625 0.066667
2 0.563672 0.737500 0.039844 0.066667
0 0.418359 0.814583 0.055469 0.173611
1 0.257031 0.845833 0.043750 0.075000
1 0.685156 0.751389 0.039062 0.058333
0 0.687500 0.836111 0.062500 0.161111
1 0.421484 0.857639 0.038281 0.073611
2 0.258594 0.772917 0.043750 0.073611
0 0.558594 0.824306 0.056250 0.162500
2 0.565234 0.867361 0.038281 0.065278
2 0.681641 0.811111 0.039844 0.063889
1 0.553906 0.800000 0.037500 0.063889
1 0.080078 0.831250 0.050781 0.081944
0 0.082812 0.786111 0.073438 0.188889
0 0.258984 0.804861 0.064844 0.179167
