1 0.433984 0.768056 0.038281 0.069444
1 0.275391 0.782639 0.038281 0.068056
0 0.273047 0.745139 0.061719 0.176389
0 0.579688 0.713889 0.060937 0.163889
2 0.587109 0.752778 0.039844 0.066667
1 0.720703 0.610417 0.042969 0.062500
2 0.581250 0.625000 0.040625 0.066667
2 0.728125 0.736806 0.040625 0.068056
0 0.431250 0.728472 0.053125 0.168056
1 0.113672 0.800000 0.044531 0.077778
2 0.716016 0.672917 0.042969 0.068056
0 0.721094 0.700694 0.057813 0.165278
2 0.272656 0.715972 0.043750 0.073611
1 0.572656 0.687500 0.037500 0.066667
0 0.115234 0.759028 0.058594 0.181944
