2 0.514062 0.636806 0.037500 0.065278
2 0.628516 0.693056 0.038281 0.061111
2 0.637891 0.750000 0.036719 0.061111
1 0.212500 0.777083 0.040625 0.073611
0 0.212500 0.734722 0.059375 0.180556
1 0.631641 0.635417 0.035156 0.056944
2 0.517578 0.759722 0.035156 0.063889
0 0.033203 0.738889 0.064844 0.194444
0 0.374609 0.726389 0.052344 0.169444
0 0.511328 0.719444 0.055469 0.161111
0 0.632812 0.715278 0.054688 0.147222
1 0.376172 0.768056 0.036719 0.069444
1 0.027344 0.787500 0.050000 0.083333
2 0.212500 0.706250 0.043750 0.076389
1 0.505078 0.698611 0.035156 0.063889
