2 0.537500 0.733333 0.037500 0.061111
2 0.542969 0.857639 0.035937 0.065278
2 0.662109 0.850000 0.038281 0.063889
1 0.237500 0.873611 0.043750 0.075000
0 0.656641 0.814583 0.061719 0.151389
1 0.652734 0.732639 0.036719 0.056944
2 0.239063 0.798611 0.045312 0.080556
0 0.536328 0.815278 0.055469 0.161111
1 0.403125 0.865278 0.037500 0.072222
0 0.400000 0.822917 0.056250 0.173611
0 0.055859 0.831944 0.078906 0.202778
1 0.528906 0.794444 0.035937 0.063889
1 0.051172 0.881250 0.053906 0.084722
0 0.239063 0.829861 0.062500 0.184722
2 0.650000 0.790972 0.039062 0.062500
