1 0.648828 0.739583 0.035156 0.056944
2 0.535547 0.738194 0.038281 0.065278
2 0.541016 0.863889 0.036719 0.066667
2 0.659375 0.858333 0.039062 0.063889
0 0.397266 0.827083 0.055469 0.173611
1 0.235547 0.876389 0.042969 0.075000
1 0.401172 0.870833 0.038281 0.072222
0 0.534766 0.824306 0.057031 0.159722
0 0.652734 0.820833 0.058594 0.150000
2 0.236719 0.800000 0.045312 0.077778
1 0.527734 0.800000 0.036719 0.061111
0 0.052734 0.833333 0.077344 0.202778
2 0.647656 0.796528 0.039062 0.062500
1 0.048438 0.881250 0.056250 0.090278
0 0.235156 0.831250 0.065625 0.184722
