2 0.669141 0.863889 0.039844 0.066667
2 0.549219 0.865278 0.037500 0.063889
2 0.544141 0.739583 0.038281 0.065278
1 0.659375 0.744444 0.037500 0.058333
1 0.242969 0.871528 0.043750 0.076389
0 0.403516 0.827083 0.053906 0.173611
0 0.662891 0.827778 0.063281 0.152778
0 0.543359 0.825000 0.055469 0.158333
1 0.408984 0.869444 0.038281 0.072222
0 0.061328 0.826389 0.072656 0.200000
1 0.060156 0.873611 0.054688 0.086111
2 0.244922 0.797222 0.044531 0.075000
0 0.243750 0.827778 0.065625 0.183333
1 0.534766 0.802083 0.036719 0.062500
2 0.657813 0.803472 0.039062 0.062500
