0 0.058594 0.705208 0.070312 0.156250
0 0.231250 0.693750 0.068750 0.145833
0 0.404687 0.683333 0.062500 0.137500
0 0.568750 0.673958 0.062500 0.135417
0 0.753125 0.664583 0.065625 0.129167
1 0.753125 0.693750 0.040625 0.054167
1 0.563281 0.604167 0.042188 0.058333
1 0.234375 0.730208 0.046875 0.060417
1 0.048438 0.681250 0.050000 0.062500
1 0.061719 0.744792 0.051562 0.060417
2 0.062500 0.619792 0.053125 0.060417
2 0.237500 0.612500 0.046875 0.058333
2 0.226562 0.671875 0.046875 0.064583
2 0.406250 0.716667 0.043750 0.058333
2 0.573438 0.656250 0.040625 0.054167
2 0.565625 0.709375 0.040625 0.052083
