2 0.259375 0.561458 0.046875 0.064583
1 0.249219 0.622917 0.051562 0.062500
1 0.262500 0.678125 0.046875 0.060417
0 0.256250 0.639583 0.059375 0.141667
2 0.415625 0.553125 0.043750 0.060417
2 0.408594 0.609375 0.048438 0.060417
1 0.416406 0.666667 0.048438 0.058333
0 0.412500 0.630208 0.065625 0.139583
2 0.578906 0.656250 0.042188 0.058333
0 0.575000 0.617708 0.062500 0.131250
1 0.735938 0.540625 0.043750 0.060417
2 0.746875 0.593750 0.046875 0.062500
2 0.738281 0.647917 0.045312 0.054167
0 0.742188 0.612500 0.065625 0.141667
1 0.935156 0.630208 0.032813 0.056250
0 0.939063 0.596875 0.068750 0.139583
