2 0.159375 0.592708 0.050000 0.068750
1 0.146094 0.651042 0.051562 0.064583
1 0.160938 0.707292 0.050000 0.060417
0 0.155469 0.669792 0.067187 0.152083
2 0.323437 0.577083 0.046875 0.062500
2 0.314844 0.637500 0.048438 0.062500
1 0.324219 0.694792 0.048438 0.060417
0 0.318750 0.658333 0.065625 0.145833
2 0.487500 0.681250 0.043750 0.058333
0 0.485938 0.644792 0.062500 0.139583
1 0.642188 0.563542 0.043750 0.056250
2 0.655469 0.618750 0.042188 0.054167
2 0.645312 0.669792 0.043750 0.056250
0 0.649219 0.635417 0.064062 0.133333
1 0.840625 0.655208 0.043750 0.060417
0 0.838281 0.621875 0.060937 0.135417
