2 0.198437 0.575000 0.046875 0.062500
1 0.189062 0.636458 0.050000 0.064583
1 0.201563 0.691667 0.050000 0.062500
0 0.196875 0.653125 0.068750 0.147917
2 0.359375 0.560417 0.043750 0.058333
2 0.351562 0.618750 0.046875 0.062500
1 0.361719 0.676042 0.045312 0.060417
0 0.356250 0.637500 0.065625 0.137500
2 0.525000 0.660417 0.043750 0.058333
0 0.521875 0.625000 0.065625 0.137500
1 0.678125 0.543750 0.043750 0.058333
2 0.690625 0.597917 0.043750 0.058333
2 0.682813 0.647917 0.043750 0.054167
0 0.686719 0.609375 0.064062 0.131250
1 0.879687 0.629167 0.043750 0.058333
0 0.875781 0.597917 0.064062 0.133333
