2 0.165625 0.489583 0.046875 0.066667
1 0.153125 0.550000 0.046875 0.062500
1 0.165625 0.605208 0.046875 0.060417
0 0.160938 0.565625 0.065625 0.152083
2 0.329688 0.486458 0.046875 0.060417
2 0.319531 0.542708 0.048438 0.060417
1 0.328906 0.601042 0.045312 0.060417
0 0.322656 0.565625 0.064062 0.143750
2 0.491406 0.595833 0.042188 0.058333
0 0.489844 0.563542 0.060937 0.139583
1 0.650000 0.490625 0.043750 0.060417
2 0.658594 0.542708 0.042188 0.052083
2 0.647656 0.594792 0.042188 0.056250
0 0.654687 0.558333 0.062500 0.137500
1 0.843750 0.588542 0.040625 0.056250
0 0.842187 0.554167 0.062500 0.133333
