2 0.164062 0.510417 0.050000 0.066667
1 0.151562 0.576042 0.050000 0.060417
1 0.164844 0.628125 0.051562 0.068750
0 0.162500 0.589583 0.065625 0.145833
2 0.328906 0.510417 0.045312 0.062500
2 0.318750 0.567708 0.046875 0.060417
1 0.325781 0.626042 0.045312 0.056250
0 0.321875 0.589583 0.065625 0.141667
2 0.492188 0.625000 0.043750 0.058333
0 0.487500 0.589583 0.062500 0.137500
1 0.648438 0.517708 0.043750 0.064583
2 0.659375 0.572917 0.043750 0.058333
2 0.649219 0.623958 0.045312 0.056250
0 0.652344 0.586458 0.057813 0.131250
1 0.842187 0.618750 0.046875 0.058333
0 0.840625 0.585417 0.059375 0.133333
