2 0.191406 0.551042 0.048438 0.068750
1 0.174219 0.608333 0.051562 0.062500
1 0.186719 0.666667 0.051562 0.062500
0 0.184375 0.629167 0.059375 0.150000
2 0.352344 0.551042 0.045312 0.060417
2 0.341406 0.610417 0.048438 0.062500
1 0.346875 0.668750 0.050000 0.058333
0 0.344531 0.630208 0.064062 0.143750
2 0.510938 0.668750 0.043750 0.058333
0 0.509375 0.634375 0.062500 0.139583
1 0.670312 0.565625 0.046875 0.064583
2 0.680469 0.619792 0.045312 0.060417
2 0.668750 0.669792 0.046875 0.056250
0 0.673438 0.636458 0.059375 0.135417
1 0.865625 0.673958 0.050000 0.056250
0 0.864844 0.638542 0.064062 0.131250
