2 0.208594 0.578125 0.048438 0.064583
1 0.193750 0.638542 0.050000 0.060417
1 0.208594 0.693750 0.048438 0.058333
2 0.367969 0.570833 0.045312 0.062500
2 0.358594 0.626042 0.048438 0.056250
1 0.367969 0.682292 0.045312 0.056250
0 0.363281 0.645833 0.060937 0.141667
2 0.531250 0.671875 0.043750 0.060417
0 0.526563 0.636458 0.062500 0.139583
1 0.686719 0.560417 0.042188 0.066667
2 0.698438 0.611458 0.046875 0.060417
2 0.689063 0.662500 0.046875 0.058333
1 0.887500 0.651042 0.043750 0.060417
0 0.882812 0.616667 0.065625 0.133333
0 0.202344 0.653125 0.064062 0.152083
0 0.693750 0.627083 0.059375 0.133333
