0 0.200781 0.558333 0.060937 0.150000
2 0.205469 0.479167 0.048438 0.062500
1 0.194531 0.539583 0.048438 0.062500
1 0.206250 0.593750 0.046875 0.062500
2 0.365625 0.475000 0.040625 0.058333
2 0.354687 0.533333 0.046875 0.062500
1 0.364063 0.590625 0.046875 0.060417
0 0.359375 0.552083 0.062500 0.137500
2 0.528125 0.585417 0.043750 0.058333
0 0.524219 0.550000 0.060937 0.137500
1 0.685937 0.477083 0.046875 0.062500
2 0.694531 0.529167 0.042188 0.058333
2 0.685156 0.582292 0.045312 0.052083
0 0.690625 0.545833 0.062500 0.133333
1 0.881250 0.576042 0.043750 0.060417
0 0.880469 0.542708 0.064062 0.131250
