2 0.247656 0.565625 0.045312 0.064583
1 0.235937 0.627083 0.053125 0.062500
1 0.250781 0.684375 0.051562 0.060417
0 0.247656 0.646875 0.060937 0.147917
2 0.406250 0.559375 0.046875 0.064583
2 0.398438 0.617708 0.046875 0.064583
1 0.407813 0.670833 0.046875 0.058333
0 0.402344 0.635417 0.067187 0.141667
2 0.568750 0.661458 0.043750 0.060417
0 0.564844 0.626042 0.064062 0.139583
1 0.725781 0.545833 0.045312 0.066667
2 0.735156 0.594792 0.045312 0.052083
2 0.728125 0.647917 0.050000 0.058333
0 0.731250 0.613542 0.065625 0.139583
1 0.929688 0.637500 0.046875 0.062500
0 0.926562 0.604167 0.068750 0.141667
