2 0.217969 0.572917 0.048438 0.062500
1 0.205469 0.634375 0.048438 0.056250
1 0.221094 0.690625 0.048438 0.056250
0 0.213281 0.648958 0.064062 0.147917
2 0.378125 0.559375 0.050000 0.060417
2 0.368750 0.617708 0.046875 0.060417
1 0.378906 0.677083 0.048438 0.058333
0 0.535937 0.627083 0.062500 0.137500
1 0.693750 0.545833 0.040625 0.062500
2 0.541406 0.663542 0.045312 0.060417
2 0.707031 0.601042 0.045312 0.056250
2 0.699219 0.653125 0.045312 0.056250
0 0.703125 0.616667 0.065625 0.133333
1 0.898438 0.639583 0.043750 0.058333
0 0.895312 0.605208 0.065625 0.135417
0 0.374219 0.640625 0.060937 0.143750
