2 0.171094 0.589583 0.051562 0.062500
1 0.652344 0.562500 0.045312 0.066667
1 0.157031 0.652083 0.048438 0.062500
1 0.174219 0.707292 0.048438 0.064583
0 0.166406 0.669792 0.064062 0.152083
2 0.333594 0.576042 0.048438 0.064583
2 0.326562 0.633333 0.050000 0.062500
1 0.335938 0.691667 0.046875 0.066667
0 0.328906 0.656250 0.064062 0.145833
2 0.501563 0.677083 0.040625 0.058333
0 0.496875 0.642708 0.062500 0.139583
2 0.664844 0.611458 0.042188 0.056250
2 0.657031 0.662500 0.042188 0.054167
0 0.659375 0.630208 0.065625 0.135417
1 0.850781 0.646875 0.045312 0.056250
0 0.847656 0.612500 0.067187 0.133333
