0 0.246875 0.563542 0.065625 0.143750
1 0.242188 0.544792 0.050000 0.060417
1 0.254688 0.601042 0.046875 0.060417
0 0.404687 0.558333 0.062500 0.141667
2 0.401562 0.536458 0.043750 0.060417
1 0.409375 0.595833 0.043750 0.054167
0 0.567969 0.554167 0.060937 0.137500
2 0.571875 0.588542 0.043750 0.056250
0 0.735938 0.547917 0.062500 0.133333
1 0.731250 0.477083 0.046875 0.062500
2 0.742969 0.531250 0.045312 0.062500
2 0.732031 0.585417 0.042188 0.050000
0 0.935156 0.543750 0.067187 0.137500
2 0.938281 0.471875 0.045312 0.060417
2 0.928906 0.530208 0.045312 0.052083
1 0.940625 0.578125 0.046875 0.052083
