1 0.264844 0.533333 0.045312 0.062500
1 0.278906 0.585417 0.045312 0.058333
0 0.269531 0.551042 0.064062 0.139583
2 0.421094 0.521875 0.048438 0.060417
1 0.429688 0.579167 0.043750 0.058333
0 0.424219 0.540625 0.060937 0.143750
2 0.589844 0.566667 0.042188 0.054167
0 0.589063 0.533333 0.059375 0.137500
1 0.750781 0.452083 0.045312 0.062500
2 0.762500 0.506250 0.043750 0.058333
2 0.753125 0.561458 0.046875 0.060417
0 0.756250 0.521875 0.059375 0.139583
2 0.960938 0.441667 0.046875 0.058333
2 0.951562 0.495833 0.043750 0.054167
1 0.964063 0.546875 0.043750 0.056250
0 0.957812 0.509375 0.065625 0.135417
