1 0.213281 0.636458 0.048438 0.056250
1 0.220312 0.695833 0.050000 0.058333
0 0.218750 0.657292 0.062500 0.139583
2 0.371094 0.630208 0.045312 0.064583
1 0.379688 0.688542 0.046875 0.060417
0 0.375000 0.652083 0.065625 0.137500
2 0.542188 0.683333 0.043750 0.058333
0 0.539062 0.652083 0.059375 0.141667
1 0.698438 0.578125 0.046875 0.064583
2 0.710938 0.632292 0.043750 0.060417
2 0.700781 0.683333 0.045312 0.058333
0 0.703906 0.648958 0.064062 0.135417
2 0.903125 0.575000 0.046875 0.058333
2 0.893750 0.630208 0.040625 0.047917
1 0.907031 0.681250 0.045312 0.058333
0 0.902344 0.645833 0.067187 0.133333
