0 0.102344 0.579167 0.070312 0.150000
1 0.095312 0.558333 0.046875 0.058333
1 0.110937 0.617708 0.046875 0.060417
0 0.271094 0.564583 0.070312 0.145833
2 0.267188 0.541667 0.046875 0.058333
1 0.275781 0.602083 0.048438 0.058333
0 0.439844 0.553125 0.067187 0.139583
2 0.443750 0.588542 0.040625 0.056250
0 0.604688 0.540625 0.062500 0.135417
1 0.597656 0.470833 0.045312 0.058333
2 0.610156 0.523958 0.042188 0.052083
2 0.600000 0.578125 0.040625 0.052083
0 0.789844 0.526042 0.064062 0.127083
2 0.790625 0.462500 0.043750 0.058333
2 0.783594 0.515625 0.042188 0.047917
1 0.795312 0.561458 0.040625 0.052083
