2 0.549219 0.952778 0.039062 0.068056 
1 0.233984 0.959028 0.044531 0.079167 
1 0.403516 0.959028 0.039844 0.075000 
0 0.237500 0.908333 0.064844 0.181944 
0 0.400781 0.909722 0.054688 0.179167 
0 0.543750 0.915278 0.057813 0.166667 
2 0.674219 0.947222 0.039844 0.065278 
0 0.666797 0.908333 0.061719 0.163889 
0 0.051562 0.904861 0.077344 0.188889 
1 0.047266 0.961111 0.050781 0.076389 
1 0.536328 0.881944 0.038281 0.066667 
1 0.665625 0.820833 0.040625 0.061111 
2 0.662891 0.881944 0.041406 0.066667 
