1 0.236328 0.903472 0.042969 0.079167 
2 0.670703 0.918056 0.039062 0.065278 
2 0.546094 0.913889 0.037500 0.068056 
1 0.402344 0.911111 0.039062 0.075000 
1 0.053516 0.899306 0.051562 0.086111 
0 0.400000 0.867361 0.053906 0.176389 
0 0.239453 0.859028 0.064844 0.191667 
0 0.541016 0.876389 0.053125 0.165278 
1 0.665625 0.792361 0.038281 0.061111 
0 0.665234 0.875694 0.063281 0.161111 
1 0.535547 0.845833 0.035937 0.063889 
0 0.057813 0.854861 0.077344 0.204167 
2 0.661719 0.854167 0.041406 0.066667 
