1 0.028516 0.906944 0.050781 0.090278 
2 0.524219 0.910417 0.037500 0.065278 
1 0.215625 0.905556 0.042969 0.080556 
0 0.219922 0.862500 0.067187 0.188889 
2 0.645312 0.910417 0.038281 0.063889 
0 0.380859 0.867361 0.053906 0.180556 
1 0.383203 0.910417 0.039062 0.075000 
0 0.519922 0.871528 0.052344 0.165278 
1 0.640234 0.790278 0.037500 0.059722 
0 0.035937 0.857639 0.071875 0.209722 
0 0.640234 0.869444 0.061719 0.156944 
2 0.636719 0.847917 0.040625 0.065278 
1 0.514453 0.842361 0.037500 0.065278 
