1 0.268750 0.886111 0.042188 0.076389 
0 0.271875 0.842361 0.063281 0.186111 
1 0.433203 0.896528 0.039844 0.075000 
0 0.432031 0.850000 0.054688 0.181944 
2 0.580078 0.902083 0.039844 0.068056 
2 0.710547 0.906250 0.042188 0.068056 
1 0.094141 0.880556 0.048438 0.084722 
1 0.704297 0.781944 0.039062 0.062500 
2 0.699219 0.839583 0.043750 0.069444 
0 0.575391 0.862500 0.059375 0.166667 
0 0.098047 0.834722 0.074219 0.198611 
1 0.567969 0.833333 0.039062 0.068056 
0 0.705859 0.863194 0.069531 0.168056 
2 0.704688 0.781250 0.039844 0.063889 
