1 0.242578 0.823611 0.042969 0.075000 
0 0.403516 0.781944 0.053125 0.170833 
2 0.548438 0.825694 0.037500 0.065278 
2 0.672266 0.825000 0.038281 0.063889 
0 0.543750 0.787500 0.053125 0.156944 
0 0.244922 0.782639 0.061719 0.177778 
0 0.667578 0.784028 0.057813 0.154167 
1 0.406641 0.825694 0.037500 0.070833 
1 0.064453 0.823611 0.048438 0.084722 
1 0.667578 0.706944 0.036719 0.059722 
1 0.537891 0.761111 0.036719 0.061111 
0 0.064844 0.777083 0.075000 0.194444 
2 0.663281 0.764583 0.038281 0.061111 
