2 0.665234 0.875694 0.039844 0.066667 
0 0.234375 0.838194 0.063281 0.183333 
2 0.540234 0.877778 0.038281 0.066667 
1 0.232031 0.881250 0.042969 0.076389 
0 0.659766 0.835417 0.058594 0.155556 
1 0.397266 0.879861 0.039062 0.072222 
0 0.394531 0.836806 0.053906 0.175000 
1 0.051172 0.883333 0.054688 0.087500 
0 0.534375 0.838194 0.054688 0.162500 
1 0.658203 0.754167 0.037500 0.059722 
2 0.654297 0.813889 0.038281 0.063889 
1 0.528906 0.811111 0.036719 0.063889 
0 0.054688 0.837500 0.081250 0.198611 
