2 0.532422 0.859722 0.037500 0.065278 
1 0.646875 0.732639 0.035937 0.059722 
1 0.390625 0.869444 0.038281 0.072222 
2 0.654687 0.851389 0.038281 0.065278 
0 0.387500 0.827778 0.052344 0.172222 
0 0.649609 0.813194 0.057031 0.154167 
0 0.047266 0.841667 0.082031 0.200000 
1 0.041797 0.888889 0.052344 0.087500 
0 0.526563 0.821528 0.057031 0.158333 
2 0.643359 0.790972 0.037500 0.063889 
0 0.226562 0.834722 0.063281 0.181944 
1 0.225781 0.877083 0.042188 0.077778 
1 0.519531 0.794444 0.035937 0.063889 
