1 0.399609 0.895139 0.039062 0.072222 
1 0.234375 0.883333 0.042188 0.076389 
2 0.544141 0.902083 0.038281 0.066667 
2 0.670312 0.908333 0.039062 0.066667 
0 0.238672 0.841667 0.065625 0.184722 
1 0.664844 0.784722 0.038281 0.061111 
0 0.539062 0.861806 0.053906 0.166667 
0 0.666016 0.866667 0.059375 0.162500 
0 0.397266 0.851389 0.053906 0.176389 
0 0.063281 0.827083 0.085938 0.200000 
1 0.055078 0.874306 0.051562 0.084722 
2 0.661328 0.844444 0.039844 0.066667 
1 0.534766 0.832639 0.036719 0.065278 
