2 0.575781 0.866667 0.039062 0.065278 
1 0.270313 0.837500 0.041406 0.072222 
0 0.699609 0.836111 0.060156 0.158333 
1 0.432031 0.853472 0.038281 0.070833 
0 0.573047 0.823611 0.056250 0.166667 
1 0.701172 0.754167 0.039062 0.061111 
0 0.430469 0.812500 0.054688 0.175000 
2 0.577344 0.738889 0.039844 0.066667 
2 0.703906 0.876389 0.041406 0.066667 
2 0.695312 0.813194 0.040625 0.065278 
0 0.272656 0.793056 0.061719 0.183333 
1 0.099219 0.822222 0.050000 0.081944 
2 0.273047 0.765278 0.043750 0.072222 
0 0.102344 0.776389 0.071094 0.194444 
1 0.566406 0.799306 0.037500 0.065278 
