2 0.579297 0.724306 0.039844 0.068056 
1 0.273047 0.824306 0.041406 0.072222 
2 0.705859 0.860417 0.040625 0.066667 
2 0.578125 0.850000 0.039062 0.068056 
1 0.703125 0.738194 0.039062 0.061111 
0 0.432422 0.796528 0.054688 0.173611 
1 0.434766 0.839583 0.038281 0.069444 
0 0.574609 0.807639 0.057031 0.168056 
0 0.275781 0.779861 0.061719 0.183333 
0 0.701562 0.817361 0.059375 0.159722 
0 0.105469 0.763194 0.072656 0.190278 
1 0.568359 0.784028 0.037500 0.065278 
2 0.276172 0.752083 0.042969 0.072222 
1 0.101953 0.809028 0.047656 0.079167 
2 0.696875 0.797222 0.039844 0.063889 
