1 0.411719 0.828472 0.037500 0.069444 
2 0.552344 0.707639 0.038281 0.065278 
2 0.665625 0.772917 0.039062 0.063889 
0 0.410156 0.786111 0.052344 0.169444 
1 0.670703 0.715278 0.037500 0.058333 
1 0.250391 0.822222 0.041406 0.075000 
1 0.542188 0.767361 0.035937 0.062500 
0 0.548438 0.790278 0.053906 0.162500 
2 0.252734 0.751389 0.042969 0.070833 
0 0.670312 0.794444 0.055469 0.152778 
0 0.252344 0.779167 0.060937 0.181944 
2 0.674219 0.834028 0.038281 0.065278 
2 0.552734 0.831944 0.037500 0.065278 
1 0.073828 0.818750 0.050781 0.084722 
0 0.076172 0.772222 0.076563 0.195833 
