2 0.543750 0.818056 0.036719 0.063889 
2 0.544922 0.694444 0.038281 0.063889 
1 0.242578 0.804167 0.042188 0.072222 
2 0.663672 0.822222 0.038281 0.062500 
0 0.539844 0.777083 0.053906 0.161111 
1 0.661719 0.704861 0.036719 0.058333 
0 0.661328 0.783333 0.054688 0.152778 
1 0.066797 0.797222 0.052344 0.084722 
0 0.244922 0.759722 0.061719 0.181944 
0 0.070703 0.750000 0.078906 0.197222 
1 0.404297 0.813194 0.037500 0.068056 
2 0.247266 0.732639 0.044531 0.070833 
0 0.401953 0.770833 0.053125 0.169444 
1 0.534375 0.752778 0.035937 0.062500 
2 0.656641 0.762500 0.037500 0.059722 
