0 0.414453 0.782639 0.055469 0.173611 
1 0.253516 0.815278 0.042188 0.073611 
2 0.557813 0.836111 0.038281 0.065278 
1 0.416016 0.827083 0.038281 0.070833 
2 0.558984 0.710417 0.039062 0.066667 
0 0.255469 0.769444 0.061719 0.180556 
2 0.256641 0.743750 0.045312 0.075000 
2 0.673438 0.781250 0.039062 0.063889 
0 0.554297 0.794444 0.054688 0.162500 
2 0.682422 0.843750 0.039062 0.063889 
0 0.678516 0.804861 0.057031 0.155556 
1 0.678516 0.723611 0.037500 0.059722 
1 0.078516 0.800000 0.052344 0.084722 
0 0.079297 0.755556 0.083594 0.195833 
1 0.547656 0.770833 0.037500 0.062500 
