1 0.255078 0.843750 0.042969 0.073611
2 0.564453 0.869444 0.038281 0.069444
0 0.417187 0.812500 0.056250 0.180556
2 0.690234 0.879861 0.041406 0.068056
0 0.559766 0.827083 0.057031 0.170833
0 0.685547 0.842361 0.060156 0.159722
2 0.564063 0.740972 0.039062 0.065278
1 0.079297 0.827083 0.052344 0.084722
1 0.419922 0.857639 0.038281 0.073611
1 0.552344 0.802083 0.037500 0.065278
1 0.685156 0.756250 0.039062 0.059722
2 0.258594 0.770139 0.043750 0.073611
0 0.080859 0.781944 0.080469 0.194444
2 0.680078 0.815972 0.038281 0.065278
0 0.256641 0.798611 0.066406 0.186111
