2 0.697656 0.905556 0.040625 0.066667
2 0.258594 0.820139 0.043750 0.073611
2 0.564453 0.773611 0.039844 0.066667
2 0.569531 0.904167 0.037500 0.069444
1 0.255078 0.895833 0.042969 0.075000
0 0.420312 0.856944 0.056250 0.177778
0 0.691406 0.867361 0.068750 0.156944
0 0.561328 0.861111 0.061719 0.169444
1 0.423047 0.900000 0.038281 0.072222
1 0.687109 0.781250 0.038281 0.059722
1 0.555469 0.837500 0.037500 0.066667
0 0.257031 0.856250 0.060937 0.179167
0 0.078125 0.844444 0.075000 0.191667
2 0.684766 0.840278 0.041406 0.066667
1 0.076172 0.889583 0.055469 0.090278
