0 0.413281 0.833333 0.053125 0.175000
2 0.556250 0.754167 0.040625 0.066667
2 0.673438 0.822917 0.040625 0.065278
0 0.553125 0.840972 0.056250 0.162500
0 0.680078 0.849306 0.063281 0.156944
1 0.415234 0.876389 0.038281 0.069444
2 0.685156 0.887500 0.040625 0.066667
2 0.558594 0.881944 0.037500 0.066667
0 0.251953 0.825000 0.063281 0.180556
1 0.068750 0.861111 0.053125 0.088889
1 0.248438 0.869444 0.043750 0.075000
2 0.251953 0.793750 0.044531 0.076389
1 0.676562 0.764583 0.037500 0.059722
0 0.072266 0.812500 0.074219 0.197222
1 0.546875 0.815278 0.037500 0.063889
