2 0.578906 0.736111 0.039062 0.063889
2 0.711719 0.872222 0.042188 0.066667
1 0.435547 0.854167 0.038281 0.072222
2 0.581641 0.863889 0.038281 0.069444
0 0.706641 0.834722 0.064844 0.158333
2 0.700000 0.806944 0.040625 0.066667
0 0.432031 0.811806 0.056250 0.173611
0 0.575000 0.823611 0.057813 0.166667
1 0.271875 0.843750 0.042188 0.076389
1 0.703516 0.746528 0.039844 0.062500
0 0.273438 0.801389 0.062500 0.177778
1 0.097266 0.828472 0.050781 0.081944
0 0.099609 0.784722 0.072656 0.186111
2 0.273828 0.768750 0.042969 0.073611
1 0.569531 0.798611 0.037500 0.066667
