2 0.550781 0.739583 0.037500 0.065278
0 0.401172 0.703472 0.053906 0.168056
2 0.684766 0.734722 0.039844 0.063889
2 0.673438 0.672222 0.040625 0.058333
1 0.075000 0.752083 0.046875 0.079167
0 0.546094 0.700694 0.057813 0.159722
2 0.549609 0.612500 0.039844 0.066667
1 0.403125 0.743750 0.037500 0.068056
0 0.681641 0.697222 0.061719 0.150000
1 0.242969 0.748611 0.040625 0.069444
1 0.679688 0.614583 0.039062 0.059722
0 0.242578 0.704861 0.061719 0.179167
0 0.076953 0.709722 0.064844 0.183333
1 0.539453 0.675000 0.036719 0.063889
2 0.241406 0.679167 0.042188 0.069444
