2 0.589453 0.737500 0.038281 0.066667
1 0.435937 0.751389 0.037500 0.066667
2 0.582812 0.607639 0.040625 0.065278
0 0.433203 0.712500 0.055469 0.166667
0 0.583594 0.697917 0.062500 0.168056
2 0.730078 0.720139 0.038281 0.065278
1 0.278125 0.768056 0.037500 0.066667
0 0.719531 0.683333 0.060937 0.161111
1 0.721094 0.596528 0.040625 0.065278
2 0.717578 0.659722 0.041406 0.066667
0 0.276172 0.727778 0.058594 0.172222
0 0.116797 0.745833 0.063281 0.180556
1 0.116016 0.784028 0.042969 0.073611
1 0.574609 0.670139 0.036719 0.062500
2 0.273828 0.700694 0.042969 0.065278
