2 0.591406 0.757639 0.040625 0.068056
1 0.437109 0.768750 0.038281 0.068056
2 0.585547 0.629861 0.042969 0.068056
1 0.278516 0.779167 0.039844 0.069444
0 0.433594 0.728472 0.053125 0.168056
0 0.278906 0.737500 0.054688 0.172222
1 0.726953 0.620139 0.042969 0.065278
0 0.723437 0.711806 0.057813 0.162500
2 0.731250 0.749306 0.037500 0.068056
1 0.576172 0.693750 0.038281 0.068056
0 0.585156 0.721528 0.062500 0.168056
2 0.275781 0.710417 0.043750 0.073611
1 0.117188 0.788194 0.043750 0.073611
0 0.121875 0.747917 0.062500 0.176389
2 0.722266 0.684722 0.042969 0.069444
