1 0.653516 0.607639 0.036719 0.056944
2 0.538672 0.618056 0.038281 0.063889
1 0.530469 0.679167 0.034375 0.061111
2 0.545312 0.739583 0.037500 0.062500
0 0.538281 0.700000 0.057813 0.158333
0 0.657422 0.687500 0.060156 0.150000
0 0.244531 0.734028 0.059375 0.179167
1 0.244141 0.779167 0.041406 0.072222
1 0.407031 0.759722 0.037500 0.069444
0 0.402344 0.718056 0.053125 0.163889
2 0.651563 0.663889 0.039062 0.061111
0 0.066016 0.756250 0.074219 0.193056
2 0.663672 0.722222 0.038281 0.063889
2 0.242969 0.707639 0.043750 0.073611
1 0.060547 0.805556 0.050781 0.083333
