0 0.558594 0.834722 0.054688 0.163889
0 0.416406 0.822917 0.054688 0.176389
1 0.681641 0.760417 0.038281 0.059722
2 0.678906 0.818750 0.040625 0.065278
0 0.683984 0.844444 0.060156 0.155556
2 0.561328 0.747222 0.039844 0.066667
2 0.689063 0.883333 0.040625 0.066667
2 0.564063 0.875694 0.037500 0.068056
1 0.253516 0.856250 0.041406 0.073611
2 0.257812 0.781250 0.043750 0.076389
1 0.420312 0.868056 0.037500 0.069444
1 0.076172 0.842361 0.053906 0.087500
1 0.551562 0.811111 0.037500 0.063889
0 0.256641 0.813889 0.064844 0.183333
0 0.079687 0.795833 0.073438 0.197222
