2 0.691797 0.918750 0.041406 0.068056
0 0.558984 0.867361 0.057031 0.168056
2 0.565234 0.909722 0.038281 0.069444
2 0.256250 0.811111 0.043750 0.075000
1 0.420312 0.899306 0.039062 0.073611
0 0.417187 0.856250 0.056250 0.176389
1 0.683203 0.791667 0.039844 0.061111
0 0.685156 0.878472 0.065625 0.156944
2 0.561719 0.777778 0.039062 0.066667
1 0.252734 0.887500 0.042969 0.077778
1 0.552344 0.840972 0.039062 0.065278
1 0.073828 0.873611 0.053906 0.086111
0 0.254297 0.842361 0.067969 0.190278
0 0.077734 0.827083 0.078906 0.206944
2 0.680078 0.852778 0.039844 0.063889
