1 0.658594 0.738889 0.035937 0.055556
2 0.544141 0.736806 0.038281 0.065278
2 0.549219 0.862500 0.037500 0.066667
2 0.668750 0.857639 0.039062 0.065278
1 0.243359 0.872917 0.042969 0.076389
0 0.405859 0.827083 0.052344 0.173611
0 0.664062 0.820139 0.060937 0.151389
1 0.409375 0.866667 0.037500 0.072222
0 0.544141 0.822917 0.058594 0.162500
1 0.059766 0.877083 0.053906 0.084722
0 0.063281 0.829167 0.073438 0.194444
0 0.245312 0.826389 0.059375 0.183333
2 0.244922 0.797222 0.044531 0.075000
1 0.534766 0.800000 0.036719 0.063889
2 0.657813 0.793750 0.037500 0.059722
