1 0.748828 0.730556 0.058594 0.094444
2 0.087109 0.776389 0.067969 0.105556
1 0.909375 0.826389 0.062500 0.097222
2 0.925391 0.653472 0.066406 0.095833
1 0.726953 0.817361 0.055469 0.095833
0 0.515234 0.754861 0.082031 0.265278
1 0.516016 0.817361 0.055469 0.104167
0 0.911328 0.770833 0.094531 0.236111
0 0.287109 0.736111 0.082031 0.258333
0 0.080469 0.716667 0.098437 0.261111
2 0.285938 0.791667 0.057813 0.100000
2 0.073828 0.675694 0.069531 0.104167
0 0.739453 0.765972 0.088281 0.248611
1 0.906250 0.732639 0.062500 0.093056
