0 0.511328 0.672917 0.085156 0.259722
0 0.735938 0.691667 0.095312 0.247222
1 0.726953 0.742361 0.055469 0.101389
2 0.053516 0.579167 0.074219 0.111111
1 0.911328 0.759028 0.063281 0.098611
2 0.925781 0.584028 0.065625 0.095833
2 0.066016 0.684028 0.072656 0.109722
0 0.060937 0.624306 0.110937 0.265278
0 0.914453 0.707639 0.099219 0.231944
1 0.512109 0.734028 0.060156 0.106944
1 0.749219 0.653472 0.059375 0.098611
1 0.904687 0.665972 0.064062 0.095833
2 0.275000 0.706250 0.059375 0.104167
0 0.276172 0.644444 0.086719 0.258333
