0 0.505469 0.679861 0.087500 0.262500
1 0.721484 0.747917 0.057031 0.101389
1 0.506641 0.740972 0.058594 0.106944
0 0.729297 0.700000 0.088281 0.241667
2 0.918359 0.588889 0.066406 0.094444
1 0.904687 0.764583 0.064062 0.098611
2 0.057031 0.692361 0.073438 0.112500
1 0.742578 0.659722 0.060156 0.097222
0 0.903906 0.710417 0.100000 0.237500
2 0.044531 0.586111 0.075000 0.108333
0 0.055078 0.626389 0.105469 0.263889
2 0.267969 0.711111 0.060937 0.105556
1 0.896875 0.668750 0.062500 0.095833
0 0.270703 0.649306 0.086719 0.262500
