0 0.519531 0.764583 0.084375 0.265278
1 0.742969 0.829861 0.059375 0.104167
2 0.062891 0.683333 0.074219 0.108333
0 0.931641 0.778472 0.103906 0.223611
1 0.762891 0.734722 0.061719 0.100000
0 0.750000 0.778472 0.089063 0.262500
2 0.071484 0.793750 0.072656 0.112500
1 0.521875 0.829861 0.059375 0.109722
0 0.065625 0.729861 0.106250 0.273611
1 0.933594 0.840278 0.065625 0.102778
2 0.280469 0.806250 0.060937 0.106944
2 0.939063 0.658333 0.070312 0.100000
1 0.924609 0.740972 0.064844 0.095833
0 0.282813 0.743750 0.085938 0.262500
