0 0.519141 0.793056 0.082031 0.269444
0 0.753125 0.793750 0.087500 0.240278
1 0.744141 0.850000 0.058594 0.105556
0 0.062891 0.772917 0.113281 0.268056
1 0.762500 0.755556 0.062500 0.102778
2 0.936719 0.670139 0.067187 0.101389
2 0.066797 0.840972 0.072656 0.112500
1 0.522266 0.859028 0.058594 0.109722
1 0.935937 0.852778 0.068750 0.102778
2 0.058594 0.729167 0.075000 0.111111
0 0.930859 0.798611 0.100781 0.241667
2 0.278125 0.847222 0.062500 0.108333
1 0.922266 0.756250 0.063281 0.095833
0 0.278906 0.780556 0.084375 0.266667
