0 0.519531 0.677083 0.082812 0.256944
0 0.073047 0.665972 0.108594 0.265278
1 0.739062 0.734722 0.056250 0.100000
1 0.924609 0.736806 0.063281 0.098611
1 0.522266 0.743750 0.058594 0.106944
2 0.066406 0.626389 0.071875 0.108333
2 0.935156 0.558333 0.067187 0.100000
2 0.079297 0.729167 0.069531 0.111111
1 0.758203 0.643750 0.060156 0.098611
2 0.285938 0.732639 0.059375 0.101389
0 0.924609 0.683333 0.099219 0.236111
0 0.749219 0.682639 0.085938 0.248611
1 0.917188 0.642361 0.065625 0.098611
0 0.285547 0.672222 0.088281 0.252778
