1 0.529297 0.707639 0.058594 0.106944
0 0.754297 0.644444 0.088281 0.247222
1 0.744531 0.695139 0.056250 0.095833
0 0.526563 0.650000 0.081250 0.261111
1 0.930078 0.693056 0.063281 0.097222
2 0.076953 0.598611 0.069531 0.102778
0 0.928516 0.643056 0.105469 0.225000
2 0.942578 0.515278 0.067969 0.097222
1 0.764844 0.606250 0.060937 0.095833
2 0.092578 0.701389 0.069531 0.105556
0 0.082031 0.647222 0.104688 0.266667
2 0.295312 0.702083 0.059375 0.101389
1 0.923438 0.599306 0.065625 0.095833
0 0.292578 0.636806 0.088281 0.251389
