2 0.943750 0.637500 0.067187 0.097222
1 0.753516 0.818056 0.055469 0.100000
1 0.527344 0.831250 0.057813 0.106944
2 0.088672 0.720833 0.071094 0.105556
1 0.941016 0.816667 0.064844 0.100000
1 0.771094 0.727083 0.059375 0.095833
2 0.099219 0.822917 0.068750 0.109722
2 0.527344 0.634722 0.060937 0.105556
2 0.305469 0.825694 0.059375 0.106944
1 0.544141 0.729167 0.057031 0.100000
0 0.937500 0.763194 0.096875 0.231944
0 0.531250 0.773611 0.084375 0.261111
0 0.094922 0.759722 0.100781 0.263889
0 0.760938 0.764583 0.089063 0.254167
1 0.314844 0.618750 0.060937 0.104167
1 0.930078 0.720139 0.063281 0.095833
0 0.302734 0.763889 0.089844 0.263889
1 0.300000 0.720139 0.059375 0.101389
