0 0.539844 0.771528 0.084375 0.265278
1 0.551172 0.732639 0.057031 0.098611
2 0.109766 0.800000 0.067969 0.108333
1 0.533594 0.832639 0.057813 0.106944
2 0.534766 0.637500 0.060156 0.102778
1 0.780859 0.745139 0.061719 0.101389
1 0.308594 0.710417 0.059375 0.104167
1 0.953125 0.845139 0.068750 0.104167
2 0.101562 0.699306 0.068750 0.104167
1 0.325781 0.612500 0.059375 0.097222
2 0.955859 0.665278 0.069531 0.102778
0 0.105469 0.740972 0.101562 0.259722
0 0.312500 0.751389 0.087500 0.261111
0 0.769141 0.785417 0.091406 0.256944
2 0.312109 0.815278 0.060156 0.105556
1 0.762109 0.836806 0.058594 0.104167
0 0.949219 0.793056 0.096875 0.227778
1 0.943359 0.747222 0.074219 0.102778
