0 0.541016 0.773611 0.083594 0.266667
1 0.551953 0.734028 0.057031 0.098611
2 0.957031 0.661806 0.068750 0.101389
1 0.325781 0.617361 0.059375 0.098611
1 0.954297 0.843056 0.066406 0.102778
2 0.535547 0.639583 0.060156 0.101389
2 0.102344 0.708333 0.070312 0.108333
0 0.948828 0.788194 0.094531 0.237500
0 0.106250 0.750000 0.103125 0.266667
1 0.534766 0.835417 0.058594 0.106944
1 0.310156 0.715278 0.059375 0.102778
1 0.782031 0.743750 0.062500 0.101389
0 0.312500 0.757639 0.090625 0.262500
2 0.313281 0.818750 0.060937 0.106944
2 0.110937 0.809722 0.068750 0.108333
0 0.770703 0.781944 0.089844 0.250000
1 0.762500 0.836111 0.057813 0.102778
1 0.942578 0.743750 0.067969 0.098611
