0 0.666406 0.774306 0.060937 0.190278
2 0.510547 0.826389 0.042969 0.077778
1 0.663672 0.821528 0.042969 0.076389
0 0.823438 0.771528 0.062500 0.181944
1 0.509375 0.681944 0.039062 0.069444
1 0.166016 0.836111 0.049219 0.083333
1 0.156250 0.759722 0.046875 0.075000
2 0.658594 0.681944 0.040625 0.069444
2 0.821094 0.817361 0.045312 0.076389
2 0.826172 0.743750 0.044531 0.070833
2 0.671875 0.750000 0.043750 0.075000
1 0.335156 0.830556 0.043750 0.077778
0 0.505859 0.779167 0.057031 0.188889
1 0.500000 0.750000 0.037500 0.069444
0 0.161328 0.793056 0.069531 0.191667
0 0.339453 0.785417 0.063281 0.181944
