2 0.865234 0.813194 0.050781 0.076389
2 0.701172 0.812500 0.044531 0.075000
0 0.864062 0.842361 0.068750 0.193056
1 0.523828 0.804861 0.041406 0.070833
1 0.533984 0.735417 0.039844 0.070833
1 0.694141 0.887500 0.044531 0.077778
2 0.862500 0.888889 0.050000 0.080556
2 0.687109 0.740972 0.042969 0.070833
1 0.191406 0.878472 0.048438 0.081944
0 0.529687 0.834722 0.059375 0.197222
1 0.357812 0.881250 0.043750 0.079167
2 0.533594 0.884722 0.043750 0.080556
1 0.183984 0.803472 0.047656 0.076389
0 0.696484 0.836111 0.067969 0.200000
0 0.188281 0.831250 0.067187 0.187500
0 0.360938 0.832639 0.064062 0.187500
