0 0.860156 0.862500 0.071875 0.194444
1 0.528906 0.754167 0.040625 0.075000
1 0.689453 0.906250 0.044531 0.081944
1 0.175000 0.818750 0.046875 0.079167
2 0.683203 0.760417 0.042969 0.073611
2 0.529297 0.904861 0.044531 0.081944
0 0.691016 0.857639 0.064844 0.198611
2 0.697266 0.831250 0.044531 0.076389
2 0.857422 0.908333 0.049219 0.080556
1 0.519141 0.822917 0.041406 0.073611
1 0.182422 0.898611 0.049219 0.083333
2 0.860938 0.831944 0.050000 0.075000
0 0.178125 0.854861 0.071875 0.184722
1 0.350781 0.900000 0.043750 0.080556
0 0.524219 0.856250 0.059375 0.204167
0 0.354687 0.858333 0.062500 0.194444
