2 0.689844 0.681944 0.042188 0.072222
0 0.683984 0.705556 0.061719 0.186111
2 0.841016 0.746528 0.047656 0.073611
1 0.526172 0.617361 0.039844 0.070833
2 0.528125 0.758333 0.040625 0.077778
1 0.194141 0.767361 0.046094 0.079167
1 0.183203 0.695139 0.044531 0.073611
0 0.843750 0.701389 0.065625 0.177778
0 0.522656 0.710417 0.057813 0.187500
1 0.356641 0.761806 0.041406 0.073611
1 0.516406 0.681944 0.040625 0.066667
2 0.848047 0.675000 0.047656 0.069444
2 0.676953 0.615278 0.041406 0.072222
1 0.681641 0.752083 0.042969 0.073611
0 0.187891 0.726389 0.066406 0.177778
0 0.729297 0.965278 0.113281 0.069444
0 0.358594 0.719444 0.064062 0.177778
