1 0.504297 0.540278 0.038281 0.069444
2 0.662891 0.606250 0.041406 0.070833
0 0.658203 0.631250 0.057031 0.176389
1 0.495312 0.607639 0.039062 0.068056
2 0.815234 0.602778 0.044531 0.069444
1 0.654687 0.675000 0.040625 0.072222
1 0.158984 0.615278 0.047656 0.075000
2 0.505469 0.677778 0.040625 0.075000
2 0.652734 0.542361 0.039844 0.068056
2 0.807813 0.670139 0.045312 0.070833
1 0.169922 0.688194 0.046094 0.079167
1 0.335156 0.682639 0.042188 0.073611
0 0.164062 0.645139 0.068750 0.176389
0 0.501172 0.636111 0.053906 0.175000
0 0.812109 0.629861 0.063281 0.168056
0 0.337109 0.641667 0.060156 0.183333
