1 0.658984 0.768750 0.041406 0.073611
1 0.497656 0.693750 0.039062 0.070833
2 0.667188 0.700000 0.042188 0.072222
1 0.507422 0.625694 0.038281 0.070833
2 0.815234 0.770833 0.044531 0.072222
2 0.507422 0.766667 0.041406 0.077778
2 0.820703 0.702083 0.046094 0.070833
1 0.166797 0.763194 0.049219 0.079167
1 0.157812 0.688889 0.048438 0.077778
2 0.655469 0.632639 0.040625 0.070833
0 0.817969 0.728472 0.067187 0.176389
0 0.503125 0.722222 0.059375 0.186111
1 0.334375 0.765972 0.042188 0.076389
0 0.661719 0.722917 0.059375 0.184722
0 0.163672 0.717361 0.066406 0.187500
0 0.336719 0.724306 0.062500 0.184722
