0 0.680469 0.852083 0.062500 0.193056
1 0.520703 0.740972 0.039844 0.073611
1 0.508594 0.810417 0.040625 0.070833
0 0.515625 0.840278 0.062500 0.197222
2 0.673047 0.755556 0.042969 0.072222
0 0.845703 0.863889 0.069531 0.191667
2 0.685547 0.826389 0.044531 0.075000
1 0.676953 0.900000 0.044531 0.080556
2 0.847266 0.834722 0.049219 0.075000
1 0.166797 0.787500 0.047656 0.075000
2 0.843359 0.911111 0.049219 0.080556
2 0.518750 0.889583 0.045312 0.081944
1 0.172266 0.863889 0.047656 0.083333
0 0.170703 0.820833 0.069531 0.188889
1 0.340625 0.876389 0.043750 0.077778
0 0.341797 0.835417 0.066406 0.198611
