1 0.513281 0.805556 0.040625 0.072222
2 0.690234 0.820139 0.044531 0.076389
0 0.519141 0.834028 0.058594 0.195833
1 0.171875 0.785417 0.046875 0.076389
1 0.682422 0.893750 0.044531 0.081944
1 0.523828 0.736111 0.039844 0.069444
2 0.851953 0.828472 0.049219 0.076389
2 0.847266 0.903472 0.049219 0.079167
2 0.522656 0.884028 0.043750 0.081944
1 0.176563 0.863889 0.048438 0.080556
2 0.676172 0.749306 0.042969 0.073611
0 0.685547 0.845139 0.061719 0.195833
0 0.180078 0.819444 0.069531 0.188889
1 0.345703 0.873611 0.042969 0.080556
0 0.849609 0.858333 0.071094 0.188889
0 0.349219 0.832639 0.067187 0.195833
