1 0.483594 0.695833 0.039062 0.072222
0 0.789453 0.800694 0.063281 0.179167
2 0.643359 0.770833 0.041406 0.072222
2 0.792969 0.772917 0.043750 0.070833
2 0.788672 0.844444 0.044531 0.075000
0 0.637891 0.795139 0.058594 0.187500
1 0.472266 0.765278 0.039844 0.069444
1 0.634766 0.840972 0.041406 0.076389
1 0.126953 0.837500 0.050781 0.083333
1 0.303516 0.837500 0.044531 0.080556
1 0.119922 0.758333 0.050781 0.080556
2 0.483203 0.840972 0.042969 0.079167
2 0.630469 0.704167 0.040625 0.072222
0 0.479297 0.793056 0.058594 0.191667
0 0.123828 0.791667 0.072656 0.188889
0 0.305859 0.797222 0.067969 0.191667
