1 0.511328 0.728472 0.039844 0.070833
2 0.662500 0.739583 0.040625 0.070833
1 0.667578 0.883333 0.042969 0.077778
2 0.511328 0.876389 0.042969 0.080556
2 0.833984 0.815972 0.047656 0.073611
1 0.500391 0.798611 0.039844 0.069444
2 0.343359 0.801389 0.044531 0.069444
2 0.337500 0.734722 0.043750 0.075000
2 0.822656 0.745833 0.046875 0.075000
0 0.507812 0.830556 0.062500 0.188889
2 0.828125 0.887500 0.048438 0.077778
1 0.160938 0.862500 0.050000 0.083333
1 0.153125 0.786111 0.050000 0.080556
0 0.669922 0.834028 0.060156 0.190278
2 0.173828 0.714583 0.049219 0.081944
1 0.329297 0.870139 0.044531 0.081944
0 0.830469 0.840972 0.068750 0.190278
0 0.334766 0.824306 0.067969 0.190278
2 0.675781 0.810417 0.043750 0.073611
0 0.160938 0.815278 0.079687 0.197222
