0 0.528906 0.788889 0.062500 0.188889
2 0.701172 0.768750 0.044531 0.073611
2 0.864844 0.772917 0.048438 0.076389
1 0.694531 0.840278 0.043750 0.075000
1 0.188281 0.752778 0.045312 0.077778
1 0.535156 0.690278 0.039062 0.072222
2 0.860938 0.845139 0.050000 0.079167
1 0.197266 0.826389 0.046094 0.080556
2 0.852734 0.702778 0.049219 0.077778
1 0.525000 0.759028 0.040625 0.070833
0 0.859375 0.801389 0.073438 0.188889
1 0.357812 0.831944 0.043750 0.080556
2 0.208594 0.683333 0.046875 0.077778
2 0.364453 0.700000 0.042969 0.072222
2 0.373047 0.765972 0.038281 0.070833
0 0.692578 0.795833 0.067969 0.186111
2 0.535547 0.836111 0.042969 0.080556
0 0.362500 0.785417 0.065625 0.193056
2 0.687891 0.698611 0.042969 0.075000
0 0.196484 0.778472 0.071094 0.193056
