2 0.817969 0.858333 0.046875 0.075000
1 0.659375 0.844444 0.043750 0.077778
2 0.342578 0.751389 0.041406 0.066667
2 0.817578 0.718750 0.046094 0.073611
1 0.161719 0.803472 0.048438 0.081944
2 0.669141 0.774306 0.042969 0.073611
1 0.153906 0.727778 0.048438 0.077778
0 0.662500 0.797917 0.062500 0.193056
0 0.819922 0.813889 0.067969 0.183333
1 0.327734 0.816667 0.044531 0.080556
2 0.505859 0.831250 0.042969 0.079167
1 0.510156 0.687500 0.039062 0.069444
2 0.658594 0.704861 0.040625 0.070833
1 0.497656 0.754167 0.039062 0.069444
0 0.160547 0.755556 0.077344 0.197222
2 0.336719 0.684028 0.043750 0.076389
2 0.825781 0.788889 0.046875 0.072222
0 0.334766 0.773611 0.067969 0.180556
2 0.173828 0.654861 0.049219 0.081944
0 0.503125 0.783333 0.059375 0.186111
