1 0.307812 0.837500 0.045312 0.083333
1 0.488672 0.692361 0.038281 0.070833
1 0.640625 0.836111 0.040625 0.075000
1 0.478125 0.760417 0.037500 0.068056
2 0.147266 0.687500 0.050781 0.080556
0 0.642969 0.788889 0.059375 0.186111
2 0.794141 0.835417 0.044531 0.073611
2 0.789844 0.700000 0.045312 0.072222
2 0.314844 0.701389 0.045312 0.075000
0 0.484375 0.787500 0.056250 0.188889
2 0.321875 0.768750 0.042188 0.068056
2 0.648438 0.765278 0.042188 0.072222
1 0.123438 0.761111 0.050000 0.080556
1 0.134375 0.836806 0.050000 0.084722
2 0.488281 0.837500 0.043750 0.080556
0 0.312891 0.792361 0.067969 0.193056
2 0.636328 0.696528 0.041406 0.068056
0 0.796484 0.790972 0.063281 0.181944
0 0.133594 0.784722 0.076563 0.200000
2 0.800000 0.765972 0.043750 0.070833
