1 0.563672 0.802778 0.038281 0.069444
2 0.561719 0.670139 0.037500 0.068056
1 0.023047 0.736111 0.044531 0.091667
2 0.415625 0.809722 0.043750 0.077778
2 0.701172 0.670833 0.038281 0.066667
1 0.407031 0.734028 0.040625 0.070833
1 0.418359 0.667361 0.039844 0.070833
2 0.232422 0.677083 0.049219 0.079167
1 0.028906 0.825694 0.056250 0.093056
1 0.224609 0.818750 0.049219 0.084722
2 0.572266 0.736111 0.039844 0.069444
2 0.703906 0.797222 0.039062 0.066667
2 0.708594 0.732639 0.039062 0.065278
0 0.566406 0.757639 0.057813 0.176389
2 0.242188 0.747917 0.043750 0.070833
0 0.705469 0.756250 0.054688 0.165278
2 0.041797 0.662500 0.060156 0.091667
0 0.410938 0.762500 0.057813 0.191667
0 0.232031 0.770139 0.076563 0.201389
0 0.035156 0.766667 0.068750 0.227778
