0 0.951562 0.823611 0.079687 0.205556
2 0.771094 0.788194 0.048438 0.081944
2 0.595313 0.857639 0.043750 0.081944
1 0.582812 0.779861 0.040625 0.073611
1 0.592187 0.709028 0.040625 0.073611
1 0.265234 0.843750 0.042969 0.076389
1 0.764062 0.863889 0.046875 0.083333
2 0.421484 0.718750 0.041406 0.070833
2 0.755078 0.713889 0.046094 0.075000
1 0.416797 0.850000 0.041406 0.077778
0 0.766016 0.813889 0.069531 0.205556
1 0.256641 0.773611 0.042969 0.075000
2 0.941797 0.715972 0.055469 0.081944
2 0.427344 0.786111 0.040625 0.069444
2 0.953125 0.871528 0.056250 0.084722
2 0.957031 0.793056 0.056250 0.083333
2 0.274219 0.705556 0.042188 0.075000
0 0.589844 0.809028 0.062500 0.198611
0 0.421484 0.806250 0.061719 0.184722
0 0.264062 0.800000 0.071875 0.186111
