2 0.829688 0.769444 0.046875 0.072222
0 0.507422 0.793056 0.064844 0.191667
0 0.825391 0.797222 0.075781 0.180556
1 0.510547 0.692361 0.038281 0.070833
1 0.332031 0.836111 0.043750 0.080556
2 0.672656 0.766667 0.042188 0.072222
2 0.819922 0.700000 0.047656 0.075000
1 0.664844 0.838194 0.042188 0.076389
1 0.500000 0.761111 0.040625 0.069444
2 0.176953 0.686111 0.049219 0.080556
2 0.346484 0.768750 0.041406 0.070833
0 0.667578 0.790972 0.060156 0.187500
1 0.165625 0.832639 0.050000 0.081944
2 0.659766 0.697917 0.041406 0.070833
2 0.825000 0.838889 0.046875 0.075000
0 0.338281 0.789583 0.067187 0.193056
2 0.511328 0.837500 0.042969 0.080556
1 0.155859 0.759028 0.049219 0.079167
0 0.160938 0.784722 0.070312 0.197222
2 0.338672 0.700000 0.044531 0.072222
