2 0.218750 0.553125 0.046875 0.064583
1 0.209375 0.614583 0.050000 0.066667
1 0.220312 0.666667 0.050000 0.062500
0 0.214062 0.632292 0.059375 0.147917
2 0.378906 0.551042 0.042188 0.060417
2 0.368750 0.603125 0.043750 0.060417
1 0.377344 0.663542 0.048438 0.060417
0 0.373437 0.625000 0.065625 0.137500
2 0.541406 0.656250 0.042188 0.062500
0 0.536719 0.620833 0.060937 0.137500
1 0.696875 0.547917 0.046875 0.062500
2 0.709375 0.596875 0.043750 0.056250
2 0.698438 0.651042 0.046875 0.060417
1 0.898438 0.643750 0.043750 0.058333
0 0.896094 0.608333 0.060937 0.133333
0 0.703125 0.614583 0.065625 0.137500
