2 0.233594 0.567708 0.045312 0.064583
1 0.224219 0.627083 0.057813 0.062500
1 0.236719 0.685417 0.048438 0.062500
0 0.229687 0.645833 0.065625 0.154167
2 0.392188 0.556250 0.043750 0.062500
2 0.383594 0.615625 0.051562 0.064583
1 0.393750 0.671875 0.050000 0.060417
0 0.389844 0.636458 0.067187 0.143750
2 0.554688 0.657292 0.046875 0.060417
0 0.550000 0.623958 0.062500 0.143750
1 0.709375 0.543750 0.046875 0.066667
2 0.722656 0.591667 0.048438 0.058333
2 0.715625 0.645833 0.043750 0.058333
0 0.717187 0.611458 0.065625 0.139583
1 0.914062 0.631250 0.050000 0.058333
0 0.914062 0.597917 0.068750 0.137500
