0 0.243750 0.903472 0.064062 0.188889 
0 0.407031 0.903472 0.055469 0.184722 
1 0.240625 0.948611 0.043750 0.080556 
1 0.409766 0.947222 0.039844 0.076389 
2 0.681641 0.938889 0.040625 0.066667 
1 0.055078 0.952083 0.052344 0.087500 
2 0.555078 0.943056 0.039844 0.069444 
1 0.672656 0.812500 0.039062 0.061111 
0 0.549609 0.901389 0.057813 0.172222 
0 0.058594 0.900000 0.080469 0.198611 
0 0.675781 0.899306 0.062500 0.162500 
2 0.669922 0.875000 0.039844 0.066667 
1 0.542969 0.872917 0.037500 0.066667 
