1 0.235937 0.959028 0.043750 0.080556 
2 0.677344 0.955556 0.040625 0.066667 
2 0.550781 0.957639 0.039844 0.070833 
1 0.667969 0.828472 0.038281 0.061111 
0 0.402344 0.910417 0.054688 0.177778 
0 0.240234 0.907639 0.065625 0.183333 
0 0.545312 0.916667 0.057031 0.165278 
1 0.405469 0.960417 0.039844 0.073611 
1 0.050000 0.958333 0.051562 0.081944 
0 0.670312 0.915972 0.064062 0.159722 
0 0.053906 0.903472 0.078125 0.191667 
1 0.538672 0.888194 0.037500 0.065278 
2 0.666406 0.889583 0.041406 0.065278 
