1 0.232422 0.935417 0.043750 0.080556 
1 0.047656 0.938889 0.050781 0.090278 
1 0.400391 0.936806 0.039844 0.076389 
2 0.668359 0.929861 0.039062 0.065278 
0 0.235156 0.890278 0.065625 0.193056 
2 0.544922 0.933333 0.038281 0.068056 
0 0.397266 0.891667 0.055469 0.183333 
0 0.539453 0.891667 0.056250 0.173611 
1 0.660937 0.806250 0.038281 0.061111 
0 0.051953 0.890278 0.075000 0.209722 
0 0.661719 0.891667 0.061719 0.161111 
1 0.532422 0.864583 0.038281 0.065278 
2 0.657422 0.865278 0.040625 0.065278 
