0 0.229297 0.862500 0.064844 0.186111 
2 0.534375 0.911806 0.037500 0.066667 
0 0.390625 0.867361 0.054688 0.181944 
1 0.225391 0.904861 0.042969 0.080556 
2 0.658203 0.913889 0.038281 0.065278 
1 0.392578 0.911806 0.039062 0.073611 
1 0.041406 0.904167 0.051562 0.088889 
0 0.529297 0.872222 0.053906 0.165278 
0 0.653516 0.872917 0.064844 0.159722 
1 0.652344 0.790972 0.038281 0.059722 
0 0.045312 0.856944 0.079687 0.208333 
1 0.524609 0.843750 0.035937 0.062500 
2 0.648438 0.849306 0.041406 0.065278 
