1 0.434375 0.897917 0.039062 0.073611 
1 0.269922 0.888194 0.042188 0.077778 
0 0.273828 0.844444 0.064844 0.186111 
2 0.581250 0.904167 0.039844 0.069444 
2 0.712109 0.908333 0.041406 0.066667 
0 0.432422 0.855556 0.054688 0.179167 
1 0.705469 0.781944 0.039062 0.062500 
1 0.094922 0.883333 0.048438 0.084722 
2 0.702344 0.841667 0.044531 0.069444 
0 0.575391 0.863889 0.057813 0.170833 
0 0.100391 0.837500 0.071875 0.198611 
0 0.708203 0.868750 0.065625 0.165278 
1 0.569531 0.834722 0.038281 0.066667 
