1 0.230859 0.904167 0.043750 0.079167 
0 0.395313 0.865278 0.052344 0.176389 
1 0.657422 0.785417 0.036719 0.059722 
2 0.540234 0.909028 0.038281 0.068056 
1 0.397656 0.908333 0.039062 0.073611 
2 0.663281 0.908333 0.038281 0.065278 
0 0.658984 0.869444 0.057813 0.159722 
1 0.046875 0.906250 0.050781 0.088889 
0 0.233594 0.860417 0.064844 0.193056 
0 0.534766 0.870139 0.053906 0.166667 
1 0.529687 0.838889 0.036719 0.063889 
2 0.653906 0.845139 0.039062 0.063889 
0 0.051172 0.856944 0.076563 0.206944 
