1 0.416016 0.853472 0.039062 0.070833 
1 0.075000 0.846528 0.048438 0.084722 
2 0.559375 0.854861 0.038281 0.066667 
1 0.251953 0.847917 0.042188 0.077778 
0 0.414062 0.811111 0.053125 0.173611 
0 0.554297 0.813889 0.053906 0.162500 
2 0.676562 0.792361 0.040625 0.063889 
0 0.254688 0.805556 0.061719 0.181944 
1 0.680469 0.735417 0.038281 0.062500 
0 0.681641 0.815972 0.059375 0.155556 
0 0.077344 0.800000 0.071875 0.191667 
2 0.687109 0.854167 0.040625 0.066667 
1 0.549219 0.787500 0.035937 0.063889 
