2 0.694531 0.865972 0.041406 0.068056 
0 0.415625 0.813194 0.053125 0.173611 
2 0.564063 0.860417 0.038281 0.068056 
1 0.685937 0.740972 0.038281 0.061111 
0 0.255859 0.804861 0.064062 0.180556 
1 0.253125 0.846528 0.043750 0.076389 
1 0.416797 0.855556 0.038281 0.070833 
0 0.557031 0.821528 0.054688 0.159722 
0 0.686719 0.825000 0.060156 0.161111 
1 0.551562 0.793750 0.037500 0.063889 
1 0.075781 0.838194 0.049219 0.083333 
2 0.682813 0.802778 0.041406 0.066667 
0 0.077344 0.795139 0.075781 0.190278 
