1 0.230859 0.940972 0.044531 0.080556 
2 0.548047 0.943056 0.039844 0.069444 
2 0.677734 0.942361 0.040625 0.069444 
0 0.399219 0.898611 0.057031 0.184722 
0 0.232813 0.894444 0.066406 0.190278 
0 0.543359 0.900694 0.058594 0.173611 
1 0.044922 0.941667 0.053125 0.088889 
2 0.664453 0.877778 0.040625 0.066667 
0 0.670312 0.902083 0.061719 0.163889 
1 0.666797 0.815278 0.039062 0.062500 
0 0.050000 0.891667 0.083594 0.211111 
1 0.535937 0.873611 0.039062 0.066667 
1 0.401172 0.943750 0.040625 0.075000 
