1 0.236328 0.893056 0.042969 0.076389 
2 0.676562 0.915278 0.040625 0.068056 
1 0.402734 0.902778 0.039844 0.073611 
2 0.665625 0.850000 0.041406 0.066667 
2 0.547266 0.907639 0.040625 0.069444 
0 0.671094 0.872222 0.060937 0.165278 
0 0.542578 0.868056 0.056250 0.168056 
1 0.056250 0.886111 0.050000 0.086111 
1 0.669531 0.790278 0.039062 0.062500 
0 0.060937 0.838889 0.082031 0.198611 
0 0.241016 0.851389 0.067969 0.183333 
1 0.536719 0.840278 0.038281 0.063889 
0 0.400391 0.856250 0.055469 0.183333 
