1 0.258594 0.802083 0.042188 0.073611
2 0.563281 0.817361 0.037500 0.065278
1 0.421484 0.810417 0.038281 0.070833
0 0.558594 0.777083 0.054688 0.162500
2 0.686719 0.822222 0.039062 0.063889
1 0.683203 0.703472 0.038281 0.059722
2 0.563672 0.692361 0.038281 0.065278
0 0.419141 0.763194 0.055469 0.179167
2 0.678906 0.759722 0.040625 0.063889
0 0.087500 0.745139 0.078125 0.193056
0 0.683984 0.781250 0.058594 0.156944
1 0.552734 0.752778 0.038281 0.063889
2 0.262109 0.733333 0.044531 0.072222
0 0.260937 0.759722 0.062500 0.180556
1 0.083594 0.793750 0.051562 0.081944
