2 0.566797 0.745139 0.039844 0.068056
0 0.564063 0.832639 0.056250 0.165278
2 0.263281 0.780556 0.043750 0.075000
0 0.422266 0.822222 0.052344 0.175000
1 0.259375 0.856250 0.042188 0.073611
1 0.689844 0.759722 0.037500 0.061111
2 0.569922 0.875694 0.039844 0.068056
2 0.685937 0.818750 0.040625 0.065278
2 0.698047 0.882639 0.041406 0.068056
1 0.424219 0.867361 0.039062 0.073611
1 0.557422 0.809028 0.038281 0.065278
0 0.691016 0.843750 0.061719 0.156944
1 0.082422 0.842361 0.050781 0.084722
0 0.087109 0.800000 0.072656 0.197222
0 0.262500 0.814583 0.064062 0.173611
