1 0.263672 0.883333 0.042969 0.075000
0 0.427344 0.855556 0.057813 0.177778
1 0.430469 0.900000 0.039062 0.072222
2 0.575781 0.781250 0.040625 0.068056
2 0.578906 0.913194 0.039062 0.070833
2 0.709766 0.923611 0.042969 0.069444
1 0.700391 0.796528 0.039844 0.062500
2 0.267578 0.809722 0.044531 0.075000
0 0.572266 0.869444 0.060156 0.172222
0 0.267188 0.838889 0.065625 0.183333
2 0.697266 0.856250 0.041406 0.068056
1 0.565625 0.845139 0.039062 0.068056
0 0.705078 0.884722 0.067969 0.163889
0 0.092188 0.818056 0.075000 0.191667
1 0.088281 0.865278 0.053125 0.083333
