2 0.595703 0.765278 0.039844 0.066667
2 0.598437 0.639583 0.040625 0.068056
2 0.729297 0.782639 0.039844 0.068056
0 0.444531 0.704861 0.057813 0.168056
0 0.123047 0.660417 0.066406 0.179167
1 0.728516 0.659028 0.039844 0.062500
0 0.591797 0.722917 0.058594 0.165278
0 0.289062 0.684722 0.062500 0.172222
1 0.447656 0.746528 0.037500 0.068056
1 0.288281 0.725000 0.040625 0.069444
2 0.289844 0.657639 0.042188 0.070833
0 0.723828 0.740972 0.057031 0.159722
2 0.722266 0.718056 0.042969 0.066667
1 0.585547 0.700694 0.038281 0.065278
1 0.122266 0.702778 0.049219 0.077778
