0 0.900000 0.649306 0.104688 0.223611
0 0.058984 0.643750 0.111719 0.259722
1 0.719922 0.702778 0.055469 0.097222
1 0.894141 0.610417 0.061719 0.093056
0 0.507422 0.651389 0.078906 0.252778
2 0.048828 0.600000 0.074219 0.111111
0 0.727734 0.647222 0.088281 0.236111
1 0.508594 0.715972 0.056250 0.101389
2 0.913672 0.529861 0.063281 0.095833
1 0.740625 0.616667 0.057813 0.091667
1 0.898438 0.702083 0.062500 0.095833
2 0.067187 0.706250 0.071875 0.109722
2 0.275391 0.707639 0.058594 0.101389
0 0.274219 0.644444 0.082812 0.247222
