0 0.510938 0.637500 0.078125 0.255556
2 0.918750 0.506250 0.065625 0.093056
1 0.905469 0.679861 0.060937 0.095833
0 0.905859 0.625000 0.100781 0.230556
1 0.725391 0.684028 0.053906 0.095833
0 0.062500 0.645833 0.109375 0.266667
2 0.073047 0.706250 0.069531 0.109722
2 0.055859 0.606250 0.074219 0.115278
1 0.746484 0.597917 0.057031 0.093056
1 0.514453 0.704167 0.058594 0.102778
0 0.732812 0.629861 0.087500 0.234722
2 0.279687 0.703472 0.059375 0.101389
0 0.276172 0.640278 0.085156 0.255556
1 0.899609 0.587500 0.061719 0.091667
