0 0.726172 0.645833 0.086719 0.227778
1 0.716016 0.694444 0.053906 0.094444
0 0.054688 0.656250 0.106250 0.268056
0 0.502734 0.650694 0.077344 0.254167
2 0.057422 0.719444 0.074219 0.111111
1 0.506250 0.713889 0.056250 0.105556
1 0.894531 0.688889 0.060937 0.094444
2 0.040234 0.615972 0.075781 0.109722
2 0.906641 0.515972 0.063281 0.093056
1 0.735938 0.606944 0.057813 0.094444
0 0.894141 0.640278 0.092969 0.211111
1 0.888281 0.597917 0.060937 0.090278
2 0.267969 0.713889 0.062500 0.105556
0 0.262891 0.652778 0.089844 0.258333
