0 0.533984 0.693750 0.082031 0.256944
2 0.963672 0.602083 0.069531 0.101389
2 0.100391 0.709028 0.067969 0.106944
2 0.089453 0.606944 0.071094 0.105556
1 0.757812 0.767361 0.059375 0.104167
1 0.535547 0.757639 0.058594 0.106944
0 0.095703 0.650000 0.097656 0.252778
1 0.952734 0.783333 0.067969 0.102778
1 0.780859 0.675000 0.063281 0.102778
0 0.771094 0.722222 0.093750 0.244444
0 0.948828 0.727778 0.097656 0.247222
2 0.300781 0.729861 0.059375 0.101389
1 0.946484 0.684722 0.071094 0.102778
0 0.302734 0.671528 0.085156 0.256944
