0 0.121875 0.658333 0.096875 0.250000
0 0.791797 0.754861 0.097656 0.251389
1 0.973047 0.836111 0.052344 0.108333
2 0.979688 0.644444 0.040625 0.097222
2 0.117578 0.617361 0.067969 0.101389
1 0.780078 0.809722 0.061719 0.108333
1 0.552344 0.787500 0.060937 0.108333
2 0.125000 0.717361 0.065625 0.106944
1 0.967969 0.731250 0.060937 0.104167
1 0.804297 0.715278 0.066406 0.102778
0 0.964063 0.772917 0.070312 0.254167
0 0.552734 0.720139 0.088281 0.262500
2 0.318750 0.746528 0.059375 0.101389
0 0.317969 0.687500 0.090625 0.261111
