1 0.968750 0.836806 0.060937 0.106944
0 0.959766 0.775000 0.078906 0.250000
2 0.975391 0.648611 0.047656 0.100000
1 0.772266 0.809722 0.061719 0.108333
1 0.546875 0.787500 0.059375 0.108333
1 0.796484 0.717361 0.064844 0.104167
1 0.964453 0.734028 0.066406 0.106944
2 0.110156 0.612500 0.068750 0.102778
2 0.117578 0.714583 0.066406 0.104167
0 0.546484 0.718750 0.088281 0.259722
0 0.114062 0.654167 0.093750 0.247222
0 0.780469 0.755556 0.100000 0.263889
2 0.312109 0.743750 0.061719 0.106944
0 0.315625 0.686806 0.087500 0.259722
