0 0.519531 0.645833 0.079687 0.250000
1 0.919922 0.697917 0.064844 0.095833
2 0.933203 0.523611 0.066406 0.097222
0 0.072656 0.638194 0.109375 0.262500
2 0.065234 0.598611 0.072656 0.108333
1 0.522266 0.710417 0.057031 0.101389
0 0.919922 0.643056 0.099219 0.225000
1 0.912891 0.606250 0.063281 0.093056
1 0.735938 0.697917 0.056250 0.098611
1 0.756641 0.609722 0.060156 0.100000
2 0.081641 0.703472 0.072656 0.109722
0 0.748047 0.647917 0.092969 0.240278
2 0.287500 0.704167 0.059375 0.102778
0 0.282031 0.645139 0.087500 0.259722
