0 0.530469 0.511111 0.085938 0.244444
1 0.520703 0.568056 0.053906 0.097222
1 0.540625 0.478472 0.056250 0.095833
1 0.298438 0.450694 0.059375 0.101389
1 0.762109 0.485417 0.058594 0.093056
2 0.526953 0.378472 0.060156 0.104167
1 0.910937 0.577778 0.060937 0.094444
0 0.302734 0.490278 0.085156 0.247222
0 0.094141 0.477778 0.111719 0.258333
2 0.107422 0.537500 0.066406 0.102778
2 0.085156 0.437500 0.067187 0.105556
2 0.307812 0.550000 0.056250 0.094444
1 0.735547 0.568750 0.053906 0.093056
1 0.310156 0.351389 0.062500 0.105556
1 0.913672 0.488194 0.061719 0.090278
2 0.941016 0.409722 0.066406 0.097222
0 0.914062 0.522222 0.093750 0.227778
0 0.750000 0.514583 0.098437 0.234722
