0 0.517188 0.518750 0.087500 0.243056
0 0.071484 0.466667 0.116406 0.266667
2 0.062109 0.426389 0.074219 0.108333
1 0.507031 0.579861 0.054688 0.098611
1 0.721094 0.587500 0.053125 0.091667
1 0.747656 0.504861 0.057813 0.093056
1 0.282422 0.452083 0.060156 0.101389
2 0.922266 0.436806 0.064844 0.095833
2 0.513672 0.388889 0.061719 0.105556
1 0.893750 0.602778 0.059375 0.091667
1 0.527734 0.484722 0.055469 0.094444
2 0.083203 0.531250 0.069531 0.106944
1 0.296094 0.350694 0.064062 0.106944
0 0.284375 0.490278 0.090625 0.255556
0 0.896875 0.549306 0.110937 0.220833
2 0.290234 0.551389 0.058594 0.100000
0 0.735547 0.532639 0.099219 0.231944
1 0.896094 0.514583 0.059375 0.090278
