0 0.518359 0.554861 0.089844 0.248611
1 0.528516 0.521528 0.055469 0.095833
0 0.076563 0.482639 0.109375 0.262500
2 0.922266 0.490278 0.060156 0.097222
1 0.507031 0.613194 0.054688 0.098611
1 0.749219 0.550694 0.057813 0.093056
1 0.301563 0.377778 0.062500 0.105556
1 0.894922 0.656944 0.060156 0.094444
2 0.066016 0.440278 0.074219 0.108333
2 0.291016 0.576389 0.058594 0.100000
1 0.722656 0.633333 0.053125 0.091667
2 0.083594 0.547222 0.070312 0.108333
2 0.517188 0.425000 0.060937 0.105556
0 0.289844 0.515972 0.087500 0.245833
1 0.285547 0.477083 0.060156 0.101389
0 0.901953 0.600694 0.108594 0.215278
0 0.735156 0.581944 0.095312 0.236111
1 0.898047 0.568750 0.060156 0.093056
