0 0.507812 0.697917 0.090625 0.245833
1 0.719531 0.766667 0.054688 0.097222
2 0.505859 0.560417 0.060156 0.104167
0 0.058203 0.640972 0.108594 0.265278
1 0.498437 0.752778 0.056250 0.102778
1 0.739453 0.681944 0.058594 0.094444
2 0.906641 0.614583 0.064844 0.095833
1 0.896484 0.784028 0.061719 0.095833
1 0.291016 0.521528 0.061719 0.101389
2 0.276172 0.726389 0.060156 0.105556
0 0.893750 0.730556 0.095312 0.227778
2 0.051953 0.593750 0.074219 0.109722
1 0.273438 0.620139 0.064062 0.104167
0 0.276953 0.662500 0.099219 0.261111
2 0.062500 0.703472 0.073438 0.109722
1 0.517969 0.656250 0.056250 0.098611
0 0.730469 0.718056 0.085938 0.233333
1 0.890625 0.693750 0.065625 0.095833
