0 0.530859 0.687500 0.085156 0.258333
2 0.524219 0.554861 0.060937 0.104167
0 0.094531 0.665972 0.100000 0.256944
0 0.757031 0.692361 0.089063 0.234722
1 0.746484 0.744444 0.057031 0.100000
1 0.313281 0.534028 0.060937 0.098611
2 0.303906 0.734028 0.057813 0.101389
1 0.766406 0.656250 0.059375 0.095833
1 0.540625 0.646528 0.056250 0.098611
1 0.523438 0.745139 0.056250 0.104167
1 0.930469 0.750000 0.064062 0.100000
2 0.938672 0.575000 0.066406 0.097222
2 0.087500 0.623611 0.071875 0.105556
2 0.099609 0.725000 0.067969 0.108333
0 0.927344 0.702778 0.090625 0.230556
0 0.301953 0.673611 0.089844 0.255556
1 0.299219 0.631250 0.059375 0.101389
1 0.920703 0.654861 0.066406 0.095833
