0 0.542188 0.738194 0.082812 0.248611
1 0.554688 0.695139 0.056250 0.098611
1 0.328516 0.578472 0.060156 0.098611
0 0.950391 0.752083 0.096094 0.234722
1 0.953516 0.804861 0.066406 0.101389
0 0.771094 0.745833 0.092188 0.252778
1 0.535937 0.794444 0.056250 0.105556
2 0.108984 0.666667 0.067969 0.105556
2 0.537891 0.600000 0.058594 0.100000
2 0.960156 0.626389 0.068750 0.100000
1 0.763672 0.797222 0.057031 0.100000
2 0.318359 0.776389 0.057031 0.100000
2 0.118750 0.765972 0.068750 0.106944
0 0.317578 0.720139 0.088281 0.248611
1 0.313672 0.674306 0.058594 0.101389
1 0.782813 0.706250 0.060937 0.095833
0 0.114062 0.706250 0.093750 0.245833
1 0.944922 0.708333 0.067969 0.100000
