1 0.657422 0.766667 0.041406 0.075000
1 0.505469 0.631250 0.039062 0.068056
2 0.818359 0.692361 0.046094 0.070833
1 0.496094 0.696528 0.039062 0.070833
2 0.665625 0.696528 0.040625 0.070833
2 0.653906 0.631250 0.040625 0.068056
2 0.812891 0.761111 0.044531 0.072222
2 0.507031 0.771528 0.040625 0.076389
1 0.167187 0.781944 0.048438 0.080556
1 0.155859 0.707639 0.047656 0.076389
1 0.334375 0.775000 0.042188 0.075000
0 0.503125 0.726389 0.056250 0.186111
0 0.659766 0.722222 0.058594 0.186111
0 0.163672 0.736111 0.066406 0.183333
0 0.815234 0.719444 0.064844 0.175000
0 0.337109 0.730556 0.061719 0.186111
