1 0.551172 0.690278 0.039844 0.072222
1 0.209766 0.764583 0.044531 0.073611
1 0.219922 0.838194 0.046094 0.079167
2 0.890234 0.759028 0.050781 0.076389
2 0.553125 0.836111 0.043750 0.080556
2 0.885156 0.834028 0.051562 0.079167
2 0.705469 0.692361 0.043750 0.073611
1 0.541797 0.759722 0.039844 0.069444
0 0.214453 0.796528 0.063281 0.184722
1 0.379297 0.836806 0.042969 0.076389
2 0.720703 0.761806 0.044531 0.076389
0 0.717187 0.791667 0.070312 0.188889
1 0.713281 0.835417 0.045312 0.079167
0 0.548828 0.788889 0.058594 0.194444
0 0.886328 0.788889 0.085156 0.188889
0 0.383203 0.790278 0.061719 0.186111
