1 0.208203 0.856944 0.046094 0.080556
1 0.532813 0.770139 0.040625 0.070833
1 0.542188 0.700000 0.039062 0.072222
0 0.539844 0.799306 0.059375 0.190278
1 0.198828 0.782639 0.044531 0.076389
2 0.694922 0.699306 0.042969 0.073611
2 0.876953 0.761111 0.049219 0.075000
2 0.710547 0.768056 0.044531 0.075000
1 0.705078 0.840278 0.044531 0.077778
2 0.545312 0.847222 0.043750 0.080556
0 0.707031 0.793056 0.062500 0.194444
1 0.369922 0.851389 0.042969 0.077778
2 0.874219 0.836111 0.050000 0.077778
0 0.203906 0.812500 0.065625 0.183333
0 0.875781 0.790972 0.071875 0.187500
0 0.373047 0.812500 0.060156 0.188889
