1 0.267578 0.856250 0.047656 0.084722
2 0.752344 0.845139 0.042188 0.070833
0 0.752344 0.804861 0.057813 0.173611
1 0.457422 0.705556 0.038281 0.072222
2 0.602344 0.711111 0.039062 0.069444
2 0.748828 0.713889 0.041406 0.069444
2 0.757422 0.779167 0.042969 0.069444
2 0.454688 0.852083 0.043750 0.079167
1 0.605859 0.850000 0.039844 0.072222
2 0.614062 0.777778 0.040625 0.072222
1 0.446094 0.773611 0.039062 0.069444
2 0.276562 0.717361 0.046875 0.079167
2 0.282813 0.787500 0.046875 0.072222
0 0.608984 0.803472 0.055469 0.181944
0 0.450781 0.804167 0.059375 0.197222
0 0.274219 0.806250 0.073438 0.204167
2 0.098437 0.700000 0.056250 0.088889
1 0.081641 0.857639 0.053906 0.087500
0 0.081641 0.807639 0.097656 0.206944
1 0.073828 0.775694 0.052344 0.087500
