1 0.545312 0.718750 0.040625 0.070833
1 0.534766 0.788889 0.041406 0.072222
1 0.198047 0.779861 0.044531 0.079167
0 0.875781 0.824306 0.078125 0.190278
2 0.714063 0.800000 0.045312 0.077778
0 0.540234 0.819444 0.071094 0.205556
1 0.367188 0.861111 0.043750 0.080556
2 0.380078 0.792361 0.041406 0.068056
0 0.707812 0.821528 0.071875 0.190278
1 0.707031 0.872917 0.045312 0.079167
2 0.546484 0.865278 0.042969 0.080556
2 0.869531 0.731944 0.050000 0.077778
2 0.880859 0.809028 0.049219 0.070833
2 0.373437 0.725694 0.043750 0.076389
2 0.700000 0.728472 0.043750 0.073611
2 0.216016 0.712500 0.047656 0.077778
1 0.207031 0.854861 0.046875 0.079167
0 0.372656 0.818056 0.065625 0.186111
0 0.206641 0.809722 0.077344 0.191667
2 0.875781 0.879167 0.050000 0.077778
