1 0.522266 0.718056 0.039844 0.072222
1 0.678906 0.868750 0.043750 0.079167
2 0.687500 0.795833 0.043750 0.075000
2 0.355859 0.793750 0.042969 0.068056
0 0.683984 0.824306 0.064844 0.187500
0 0.518750 0.821528 0.060937 0.190278
2 0.847656 0.800000 0.048438 0.075000
2 0.842187 0.872222 0.048438 0.077778
1 0.341797 0.862500 0.044531 0.083333
2 0.835938 0.727778 0.046875 0.075000
2 0.674219 0.725000 0.042188 0.072222
2 0.521875 0.865278 0.043750 0.080556
0 0.845313 0.827083 0.075000 0.187500
0 0.347266 0.817361 0.066406 0.187500
2 0.188672 0.711111 0.049219 0.080556
2 0.349219 0.727083 0.043750 0.076389
1 0.176953 0.858333 0.049219 0.083333
1 0.167578 0.784028 0.049219 0.081944
0 0.176172 0.811111 0.077344 0.197222
1 0.512109 0.787500 0.039844 0.069444
