1 0.554688 0.725694 0.040625 0.070833
2 0.391797 0.818750 0.041406 0.068056
2 0.726562 0.787500 0.046875 0.077778
2 0.880859 0.702083 0.052344 0.079167
1 0.221094 0.900694 0.045312 0.081944
1 0.721875 0.862500 0.046875 0.080556
1 0.210156 0.827083 0.046875 0.081944
1 0.547656 0.797222 0.040625 0.072222
2 0.894141 0.848611 0.053906 0.080556
2 0.896484 0.772917 0.052344 0.079167
2 0.560937 0.875000 0.043750 0.080556
2 0.710547 0.717361 0.044531 0.073611
2 0.226562 0.754861 0.046875 0.079167
2 0.382422 0.754861 0.042969 0.076389
0 0.893750 0.805556 0.090625 0.191667
0 0.725000 0.815278 0.070312 0.194444
1 0.382031 0.890278 0.043750 0.080556
0 0.555469 0.830556 0.067187 0.191667
0 0.217188 0.854167 0.071875 0.191667
0 0.385156 0.840972 0.065625 0.190278
