1 0.185938 0.801389 0.046875 0.077778
2 0.866797 0.781250 0.049219 0.079167
1 0.697266 0.860417 0.042969 0.076389
1 0.526953 0.787500 0.038281 0.069444
1 0.535547 0.718750 0.038281 0.068056
1 0.360156 0.870139 0.042188 0.079167
2 0.703906 0.785417 0.043750 0.076389
1 0.196484 0.875000 0.046094 0.077778
2 0.854297 0.712500 0.049219 0.069444
2 0.205078 0.729861 0.047656 0.073611
2 0.363672 0.737500 0.042969 0.075000
2 0.539453 0.863889 0.041406 0.077778
0 0.533594 0.815972 0.060937 0.198611
2 0.690234 0.718750 0.041406 0.068056
0 0.364063 0.825694 0.062500 0.184722
0 0.194531 0.825000 0.071875 0.197222
2 0.865234 0.855556 0.047656 0.077778
0 0.698828 0.809028 0.066406 0.195833
0 0.867578 0.804167 0.075781 0.194444
2 0.371484 0.802083 0.041406 0.068056
