1 0.671094 0.894444 0.042969 0.079167 
1 0.519531 0.739583 0.039062 0.072222 
2 0.832031 0.903472 0.046094 0.077778 
1 0.167578 0.790972 0.046875 0.076389 
2 0.680859 0.821528 0.042969 0.075000 
2 0.829688 0.761111 0.046094 0.073611 
1 0.508203 0.805556 0.039062 0.068056 
2 0.355078 0.805556 0.038281 0.065278 
0 0.674219 0.846528 0.060156 0.193056 
0 0.175000 0.818750 0.074219 0.197222 
0 0.344531 0.829167 0.065625 0.193056 
2 0.669141 0.752083 0.041406 0.069444 
0 0.513281 0.836806 0.060156 0.197222 
2 0.838672 0.831944 0.046875 0.073611 
1 0.175781 0.865278 0.048438 0.081944 
2 0.189453 0.718750 0.048438 0.079167 
2 0.347656 0.742361 0.042969 0.075000 
0 0.835156 0.857639 0.066406 0.190278 
1 0.339844 0.875000 0.042969 0.080556 
2 0.517188 0.885417 0.042969 0.079167 
