1 0.731250 0.861111 0.046875 0.080556
1 0.390625 0.849306 0.042188 0.079167
0 0.906641 0.821528 0.080469 0.206944
1 0.566016 0.706944 0.039844 0.072222
2 0.909766 0.867361 0.053906 0.081944
2 0.567578 0.854861 0.044531 0.081944
2 0.724219 0.713889 0.043750 0.075000
2 0.901172 0.718750 0.052344 0.079167
1 0.557031 0.776389 0.040625 0.072222
2 0.738672 0.785417 0.047656 0.076389
1 0.234766 0.843056 0.044531 0.077778
2 0.394922 0.717361 0.042969 0.073611
2 0.245703 0.702083 0.044531 0.076389
1 0.226562 0.770139 0.045312 0.076389
2 0.402734 0.784722 0.041406 0.069444
2 0.914453 0.791667 0.053906 0.077778
0 0.233594 0.791667 0.068750 0.194444
0 0.733984 0.809722 0.074219 0.197222
0 0.562891 0.807639 0.061719 0.198611
0 0.395703 0.805556 0.064844 0.188889
