1 0.592187 0.715972 0.040625 0.073611
0 0.950781 0.824306 0.087500 0.198611
0 0.766016 0.818750 0.071094 0.206944
1 0.583984 0.786111 0.041406 0.072222
0 0.590625 0.817361 0.068750 0.193056
1 0.766016 0.869444 0.047656 0.083333
1 0.257422 0.784028 0.042969 0.073611
1 0.266406 0.854861 0.043750 0.076389
2 0.772656 0.793750 0.048438 0.081944
2 0.754687 0.719444 0.046875 0.077778
1 0.417969 0.861111 0.040625 0.077778
2 0.942187 0.718750 0.056250 0.081944
2 0.955469 0.875000 0.057813 0.086111
2 0.596484 0.864583 0.044531 0.081944
2 0.428516 0.793750 0.039844 0.068056
2 0.421484 0.727778 0.041406 0.075000
2 0.273828 0.715278 0.042969 0.075000
2 0.957812 0.795139 0.056250 0.084722
0 0.422266 0.814583 0.060156 0.181944
0 0.264062 0.806250 0.067187 0.193056
