0 0.098437 0.700000 0.071875 0.154167
0 0.268750 0.684375 0.068750 0.147917
0 0.437500 0.668750 0.062500 0.137500
0 0.602344 0.654167 0.064062 0.133333
0 0.785937 0.639583 0.065625 0.129167
1 0.789062 0.669792 0.040625 0.052083
1 0.594531 0.583333 0.042188 0.058333
1 0.272656 0.719792 0.048438 0.060417
1 0.088281 0.678125 0.048438 0.060417
1 0.103125 0.737500 0.050000 0.062500
2 0.100781 0.616667 0.048438 0.066667
2 0.271875 0.602083 0.046875 0.062500
2 0.264844 0.660417 0.048438 0.062500
2 0.439844 0.701042 0.042188 0.056250
2 0.607031 0.636458 0.039062 0.052083
2 0.598437 0.689583 0.040625 0.054167
