2 0.256250 0.550000 0.046875 0.066667
1 0.246875 0.612500 0.050000 0.066667
1 0.256250 0.664583 0.050000 0.062500
0 0.253906 0.626042 0.064062 0.143750
2 0.414844 0.547917 0.045312 0.066667
2 0.403906 0.605208 0.048438 0.060417
1 0.412500 0.662500 0.046875 0.058333
0 0.407031 0.623958 0.057813 0.139583
2 0.573438 0.657292 0.043750 0.056250
0 0.571094 0.623958 0.060937 0.139583
1 0.732031 0.548958 0.045312 0.060417
2 0.743750 0.603125 0.043750 0.052083
2 0.734375 0.657292 0.046875 0.056250
0 0.739062 0.620833 0.062500 0.137500
1 0.935156 0.652083 0.048438 0.054167
0 0.936719 0.616667 0.064062 0.137500
