1 0.273438 0.537500 0.046875 0.058333
1 0.287500 0.594792 0.043750 0.060417
0 0.280469 0.558333 0.064062 0.141667
2 0.427344 0.523958 0.045312 0.060417
1 0.439063 0.581250 0.046875 0.058333
0 0.434375 0.543750 0.065625 0.137500
2 0.600000 0.568750 0.043750 0.058333
0 0.595313 0.532292 0.065625 0.139583
1 0.758594 0.445833 0.042188 0.062500
2 0.771094 0.502083 0.045312 0.058333
2 0.762500 0.554167 0.043750 0.062500
0 0.767188 0.517708 0.065625 0.139583
2 0.971094 0.432292 0.045312 0.060417
2 0.961719 0.489583 0.048438 0.058333
1 0.975781 0.538542 0.048438 0.056250
0 0.967969 0.501042 0.064062 0.139583
