1 0.728516 0.704861 0.055469 0.098611
0 0.514062 0.642361 0.079687 0.254167
1 0.911719 0.712500 0.062500 0.097222
0 0.741797 0.652083 0.088281 0.237500
2 0.926562 0.536111 0.065625 0.094444
2 0.073828 0.681250 0.071094 0.109722
1 0.515625 0.707639 0.059375 0.106944
1 0.750000 0.615972 0.059375 0.095833
0 0.066016 0.620139 0.108594 0.265278
0 0.912891 0.658333 0.096094 0.230556
2 0.057422 0.581250 0.074219 0.109722
1 0.906250 0.619444 0.062500 0.094444
2 0.280078 0.692361 0.060156 0.104167
0 0.278125 0.632639 0.089063 0.265278
