0 0.914062 0.689583 0.101562 0.231944
1 0.728516 0.731250 0.055469 0.098611
0 0.513281 0.664583 0.087500 0.262500
2 0.928906 0.570833 0.065625 0.097222
2 0.057031 0.579167 0.073438 0.111111
1 0.751172 0.642361 0.060156 0.095833
1 0.908203 0.651389 0.063281 0.094444
1 0.514062 0.726389 0.059375 0.105556
0 0.063672 0.622222 0.103906 0.266667
2 0.069141 0.681250 0.071094 0.109722
1 0.912109 0.746528 0.064844 0.098611
0 0.737891 0.678472 0.094531 0.245833
2 0.277344 0.700000 0.059375 0.102778
0 0.278125 0.638889 0.089063 0.258333
