1 0.972656 0.826389 0.054688 0.105556
0 0.120703 0.657639 0.096094 0.248611
1 0.777734 0.800694 0.060156 0.106944
1 0.551953 0.782639 0.058594 0.106944
1 0.968359 0.722917 0.061719 0.101389
2 0.977734 0.637500 0.042969 0.094444
1 0.802344 0.709722 0.065625 0.102778
2 0.115234 0.618750 0.063281 0.095833
0 0.789844 0.748611 0.093750 0.261111
0 0.550781 0.714583 0.087500 0.265278
2 0.123438 0.717361 0.065625 0.106944
0 0.962891 0.767361 0.072656 0.248611
2 0.317578 0.744444 0.058594 0.102778
0 0.318750 0.684722 0.085938 0.258333
