1 0.540625 0.766667 0.056250 0.102778
0 0.546875 0.706944 0.087500 0.255556
1 0.328906 0.559722 0.057813 0.100000
2 0.541406 0.571528 0.059375 0.104167
1 0.788281 0.668750 0.060937 0.101389
1 0.770703 0.759722 0.057031 0.100000
0 0.777734 0.706944 0.088281 0.244444
2 0.119141 0.757639 0.066406 0.106944
2 0.108203 0.656250 0.069531 0.104167
0 0.318750 0.701389 0.084375 0.247222
2 0.320703 0.761111 0.058594 0.102778
0 0.115234 0.695833 0.096094 0.250000
2 0.964453 0.581250 0.066406 0.101389
1 0.961719 0.761111 0.065625 0.100000
1 0.558984 0.665972 0.057031 0.101389
0 0.952344 0.707639 0.090625 0.226389
1 0.315625 0.656944 0.059375 0.100000
1 0.952734 0.663889 0.071094 0.102778
