0 0.534375 0.771528 0.085938 0.256944
1 0.530078 0.828472 0.058594 0.109722
2 0.528516 0.627778 0.060156 0.102778
2 0.085938 0.724306 0.071875 0.109722
0 0.766406 0.765278 0.087500 0.247222
1 0.759375 0.812500 0.059375 0.102778
1 0.947266 0.808333 0.067969 0.100000
1 0.314453 0.619444 0.061719 0.100000
2 0.305859 0.827083 0.060156 0.106944
2 0.096875 0.829861 0.071875 0.112500
2 0.946094 0.627778 0.067187 0.097222
1 0.775000 0.720833 0.062500 0.097222
0 0.939844 0.752083 0.092188 0.218056
1 0.546094 0.725000 0.057813 0.102778
1 0.298828 0.720139 0.063281 0.106944
1 0.931641 0.711806 0.064844 0.098611
0 0.092188 0.765278 0.103125 0.258333
0 0.302344 0.766667 0.093750 0.261111
