1 0.667188 0.887500 0.043750 0.080556
2 0.831641 0.814583 0.047656 0.073611
1 0.509766 0.739583 0.039844 0.073611
2 0.674609 0.814583 0.042969 0.073611
2 0.828125 0.887500 0.046875 0.080556
2 0.510156 0.887500 0.043750 0.080556
0 0.668750 0.840278 0.062500 0.191667
1 0.160156 0.884028 0.050000 0.084722
1 0.151953 0.808333 0.049219 0.077778
2 0.661328 0.743750 0.042969 0.070833
0 0.505469 0.837500 0.059375 0.197222
1 0.500000 0.807639 0.040625 0.070833
0 0.830859 0.842361 0.067969 0.184722
1 0.332422 0.885417 0.044531 0.079167
0 0.157812 0.840972 0.068750 0.190278
0 0.334766 0.839583 0.066406 0.190278
