2 0.653516 0.709722 0.041406 0.069444
1 0.646875 0.778472 0.040625 0.073611
1 0.494141 0.648611 0.038281 0.069444
2 0.641016 0.643750 0.039844 0.068056
2 0.497266 0.789583 0.041406 0.076389
2 0.803516 0.697917 0.044531 0.070833
1 0.486328 0.715278 0.038281 0.069444
1 0.139063 0.740278 0.048438 0.077778
0 0.648828 0.732639 0.058594 0.181944
1 0.151562 0.813194 0.050000 0.081944
1 0.322266 0.802083 0.042969 0.076389
0 0.802734 0.727083 0.060156 0.173611
0 0.492188 0.743750 0.059375 0.187500
0 0.144922 0.772222 0.069531 0.183333
2 0.800000 0.766667 0.043750 0.072222
0 0.323437 0.759722 0.067187 0.183333
