0 0.669141 0.741667 0.060156 0.186111
2 0.829297 0.709722 0.046094 0.072222
1 0.667578 0.788194 0.042969 0.073611
1 0.503906 0.722917 0.039062 0.068056
2 0.660547 0.651389 0.041406 0.069444
0 0.509375 0.750000 0.060937 0.188889
2 0.674609 0.718056 0.042969 0.072222
2 0.514844 0.796528 0.042188 0.079167
0 0.827734 0.737500 0.064844 0.180556
2 0.825000 0.781250 0.045312 0.073611
1 0.174219 0.813889 0.046875 0.080556
1 0.341406 0.806944 0.042188 0.075000
1 0.512500 0.654861 0.040625 0.070833
1 0.162891 0.740278 0.046094 0.075000
0 0.168750 0.771528 0.067187 0.184722
0 0.343750 0.763889 0.064062 0.191667
