2 0.843359 0.814583 0.047656 0.076389
2 0.688672 0.746528 0.042969 0.073611
0 0.683594 0.773611 0.062500 0.194444
0 0.844141 0.768750 0.067969 0.181944
2 0.526953 0.826389 0.042969 0.080556
1 0.523438 0.681250 0.039062 0.068056
2 0.847266 0.740278 0.047656 0.072222
0 0.521094 0.777778 0.060937 0.191667
1 0.514453 0.750000 0.038281 0.069444
1 0.681641 0.820139 0.042969 0.079167
1 0.184766 0.837500 0.047656 0.080556
1 0.351172 0.831250 0.042969 0.076389
1 0.175391 0.763889 0.046094 0.075000
0 0.180859 0.795833 0.066406 0.186111
2 0.674609 0.679167 0.041406 0.072222
0 0.352734 0.787500 0.066406 0.177778
