1 0.683594 0.811806 0.043750 0.076389
2 0.846875 0.804861 0.046875 0.076389
2 0.850781 0.731944 0.046875 0.072222
1 0.517578 0.743056 0.039844 0.069444
2 0.677734 0.671528 0.041406 0.070833
1 0.526172 0.675000 0.039844 0.069444
2 0.691406 0.739583 0.043750 0.073611
2 0.528906 0.817361 0.042188 0.076389
1 0.190625 0.831250 0.046875 0.079167
1 0.180078 0.758333 0.046094 0.072222
0 0.525000 0.776389 0.071875 0.183333
1 0.355078 0.825000 0.042969 0.077778
0 0.185156 0.787500 0.065625 0.183333
0 0.845313 0.758333 0.073438 0.183333
0 0.356641 0.775000 0.061719 0.183333
0 0.684766 0.765278 0.066406 0.188889
