1 0.528125 0.690278 0.039062 0.072222
0 0.184375 0.785417 0.067187 0.187500
2 0.855078 0.763889 0.049219 0.075000
2 0.528906 0.834028 0.043750 0.079167
2 0.693750 0.762500 0.043750 0.075000
2 0.680469 0.693750 0.042188 0.070833
1 0.685937 0.836111 0.043750 0.077778
1 0.518750 0.757639 0.040625 0.070833
1 0.179688 0.756250 0.046875 0.073611
1 0.188672 0.831250 0.047656 0.079167
0 0.852734 0.790972 0.067969 0.184722
1 0.353516 0.833333 0.042969 0.075000
2 0.850781 0.835417 0.048438 0.076389
0 0.689063 0.788194 0.065625 0.198611
0 0.525000 0.787500 0.060937 0.188889
0 0.357812 0.786111 0.062500 0.177778
