1 0.716406 0.814583 0.043750 0.079167
0 0.719141 0.767361 0.061719 0.193056
1 0.545312 0.735417 0.040625 0.073611
2 0.556641 0.812500 0.042969 0.080556
2 0.892969 0.742361 0.051562 0.076389
2 0.709766 0.671528 0.042969 0.073611
1 0.217188 0.735417 0.043750 0.073611
2 0.888672 0.815972 0.049219 0.079167
0 0.891797 0.770139 0.069531 0.184722
2 0.724609 0.740972 0.044531 0.076389
1 0.225391 0.806250 0.044531 0.076389
1 0.555078 0.668750 0.039844 0.070833
0 0.221094 0.764583 0.064062 0.173611
1 0.383594 0.809722 0.040625 0.075000
0 0.551172 0.765278 0.060156 0.191667
0 0.385547 0.767361 0.063281 0.181944
