1 0.514844 0.689583 0.039062 0.070833
2 0.674219 0.792361 0.043750 0.073611
2 0.833984 0.822222 0.047656 0.075000
1 0.165234 0.693056 0.047656 0.075000
1 0.169141 0.768750 0.047656 0.079167
0 0.668359 0.816667 0.063281 0.186111
1 0.500781 0.759028 0.039062 0.070833
2 0.508203 0.831944 0.042969 0.077778
0 0.827344 0.849306 0.071875 0.184722
1 0.663281 0.861806 0.042188 0.076389
2 0.665625 0.722222 0.042188 0.072222
2 0.825391 0.892361 0.047656 0.076389
0 0.505078 0.789583 0.064844 0.190278
1 0.334375 0.800000 0.043750 0.077778
0 0.167578 0.725000 0.069531 0.186111
0 0.339062 0.756944 0.070312 0.191667
