0 0.656250 0.816667 0.059375 0.188889
2 0.500000 0.868056 0.043750 0.080556
0 0.495703 0.820139 0.060156 0.195833
2 0.815234 0.787500 0.046094 0.072222
2 0.803906 0.720139 0.045312 0.070833
1 0.134766 0.802778 0.050781 0.083333
2 0.323828 0.738194 0.044531 0.076389
2 0.330859 0.806250 0.044531 0.070833
1 0.654297 0.862500 0.042969 0.077778
2 0.157422 0.727778 0.050781 0.083333
1 0.488672 0.790972 0.039844 0.070833
1 0.317969 0.875694 0.045312 0.081944
1 0.498828 0.720139 0.039844 0.070833
1 0.145703 0.881250 0.050781 0.084722
2 0.661328 0.790972 0.041406 0.073611
0 0.811328 0.813889 0.066406 0.183333
2 0.810547 0.857639 0.046094 0.076389
0 0.143359 0.831944 0.080469 0.202778
2 0.648047 0.721528 0.041406 0.070833
0 0.323047 0.827083 0.066406 0.195833
