2 0.754297 0.746528 0.042969 0.068056
1 0.455078 0.673611 0.038281 0.069444
0 0.751172 0.768750 0.058594 0.173611
1 0.444141 0.742361 0.039844 0.070833
2 0.745703 0.681250 0.041406 0.070833
2 0.453906 0.816667 0.042188 0.077778
1 0.086328 0.822917 0.055469 0.087500
1 0.603125 0.815972 0.040625 0.073611
0 0.450000 0.771528 0.056250 0.187500
2 0.611328 0.745833 0.039844 0.072222
0 0.606641 0.770139 0.053906 0.176389
2 0.100781 0.666667 0.054688 0.086111
1 0.269141 0.819444 0.047656 0.086111
2 0.277344 0.683333 0.045312 0.077778
0 0.274609 0.775000 0.075781 0.194444
2 0.285547 0.752778 0.042969 0.072222
2 0.749609 0.812500 0.041406 0.069444
2 0.600391 0.679861 0.038281 0.068056
0 0.083594 0.774306 0.087500 0.209722
1 0.075781 0.743750 0.054688 0.084722
