2 0.842969 0.767361 0.048438 0.073611
1 0.521875 0.681250 0.039062 0.070833
1 0.171484 0.736111 0.046094 0.080556
2 0.832812 0.697917 0.046875 0.073611
2 0.684375 0.761111 0.043750 0.075000
2 0.672656 0.692361 0.040625 0.073611
2 0.192969 0.666667 0.048438 0.077778
1 0.510547 0.749306 0.038281 0.070833
0 0.678516 0.784028 0.058594 0.190278
1 0.342578 0.816667 0.042969 0.080556
2 0.351172 0.686111 0.042969 0.075000
1 0.179688 0.811111 0.048438 0.080556
0 0.518359 0.779167 0.060156 0.186111
2 0.520703 0.825000 0.042969 0.077778
2 0.838281 0.836806 0.046875 0.076389
0 0.178516 0.764583 0.072656 0.193056
0 0.840234 0.792361 0.066406 0.187500
1 0.675781 0.830556 0.042188 0.075000
0 0.349609 0.768750 0.066406 0.190278
2 0.357422 0.752083 0.038281 0.068056
