0 0.654687 0.807639 0.059375 0.187500
2 0.814453 0.792361 0.044531 0.070833
0 0.809766 0.818750 0.064844 0.181944
2 0.648828 0.714583 0.041406 0.070833
1 0.317578 0.836806 0.044531 0.081944
2 0.659766 0.782639 0.042969 0.073611
2 0.805859 0.725000 0.046094 0.072222
1 0.140625 0.749306 0.050000 0.079167
1 0.148438 0.825000 0.050000 0.083333
0 0.148438 0.779861 0.079687 0.195833
2 0.807422 0.862500 0.044531 0.077778
2 0.496875 0.845833 0.043750 0.080556
2 0.332031 0.770139 0.043750 0.068056
1 0.487891 0.768750 0.039844 0.070833
2 0.158594 0.677083 0.050000 0.081944
0 0.493750 0.798611 0.059375 0.194444
2 0.326172 0.700000 0.044531 0.075000
1 0.650781 0.853472 0.042188 0.076389
1 0.499219 0.699306 0.040625 0.070833
0 0.324219 0.788889 0.071875 0.194444
