0 0.801172 0.813889 0.063281 0.180556
1 0.644922 0.854861 0.041406 0.076389
2 0.805859 0.790972 0.044531 0.070833
1 0.493359 0.706250 0.039844 0.070833
0 0.647656 0.807639 0.059375 0.187500
2 0.796094 0.721528 0.045312 0.070833
1 0.309766 0.847917 0.044531 0.081944
2 0.491406 0.851389 0.043750 0.077778
1 0.139453 0.842361 0.050781 0.084722
2 0.642188 0.715972 0.040625 0.070833
1 0.482812 0.775000 0.039062 0.069444
2 0.653125 0.784722 0.042188 0.072222
2 0.318750 0.712500 0.043750 0.075000
2 0.326562 0.779861 0.040625 0.068056
2 0.153125 0.692361 0.051562 0.081944
1 0.130078 0.765972 0.049219 0.079167
0 0.486719 0.803472 0.059375 0.195833
2 0.800000 0.858333 0.045312 0.075000
0 0.316797 0.800694 0.069531 0.193056
0 0.138281 0.792361 0.076563 0.198611
