1 0.129297 0.745139 0.050000 0.081944 
1 0.491797 0.686111 0.039062 0.069444 
1 0.138672 0.820833 0.050000 0.083333 
1 0.642969 0.834028 0.040625 0.073611 
2 0.803125 0.768750 0.044531 0.070833 
2 0.651172 0.763889 0.042969 0.072222 
2 0.490234 0.829861 0.042969 0.076389 
0 0.646094 0.786806 0.059375 0.187500 
2 0.794141 0.702778 0.045312 0.073611 
2 0.639453 0.695139 0.039844 0.069444 
1 0.309766 0.826389 0.044531 0.080556 
2 0.797266 0.837500 0.044531 0.073611 
2 0.317969 0.691667 0.044531 0.075000 
0 0.799219 0.792361 0.061719 0.179167 
1 0.481250 0.754167 0.039062 0.068056 
2 0.152344 0.672222 0.050781 0.083333 
2 0.325000 0.759722 0.041406 0.069444 
0 0.316016 0.779167 0.070312 0.194444 
0 0.486719 0.782639 0.057813 0.184722 
0 0.137109 0.771528 0.078125 0.201389 
