1 0.514844 0.684028 0.039062 0.070833
0 0.832422 0.780556 0.069531 0.188889
1 0.161719 0.755556 0.046875 0.080556
2 0.515625 0.827778 0.043750 0.077778
2 0.665234 0.688889 0.041406 0.069444
2 0.830469 0.827778 0.048438 0.075000
1 0.671484 0.828472 0.042969 0.076389
2 0.677344 0.758333 0.043750 0.075000
2 0.835938 0.758333 0.046875 0.072222
2 0.342969 0.697222 0.043750 0.075000
1 0.172266 0.829861 0.047656 0.081944
2 0.825781 0.688889 0.045312 0.072222
0 0.510938 0.782639 0.059375 0.187500
1 0.336719 0.829861 0.043750 0.079167
1 0.505078 0.753472 0.039844 0.068056
2 0.183203 0.682639 0.049219 0.079167
0 0.673438 0.782639 0.059375 0.184722
0 0.169141 0.781250 0.075781 0.198611
0 0.342578 0.782639 0.066406 0.193056
2 0.351562 0.764583 0.040625 0.068056
