0 0.967708 0.474537 0.060101 0.219444 
2 0.973958 0.531019 0.051042 0.094444 
0 0.772135 0.471759 0.077273 0.224074 
0 0.561979 0.468056 0.076263 0.219444 
2 0.350260 0.519444 0.054688 0.090741 
1 0.556250 0.525926 0.051562 0.087037 
0 0.353385 0.461111 0.076768 0.222222 
2 0.557292 0.352778 0.050521 0.090741 
1 0.157812 0.515278 0.053125 0.092593 
1 0.777083 0.530093 0.055208 0.091667 
2 0.353125 0.201389 0.064583 0.100926 
1 0.571094 0.440741 0.053125 0.090741 
0 0.157031 0.464815 0.066667 0.192593 
