0 0.718750 0.479630 0.059596 0.181481 
2 0.160156 0.521296 0.055729 0.084259 
2 0.719531 0.529167 0.044271 0.073148 
1 0.866406 0.459722 0.043750 0.070370 
0 0.874740 0.483796 0.065152 0.174074 
0 0.161979 0.472685 0.077778 0.200926 
2 0.881771 0.529167 0.048438 0.074074 
0 0.544010 0.481019 0.061111 0.179630 
1 0.539844 0.447222 0.043229 0.075000 
0 0.373177 0.471759 0.083838 0.194444 
1 0.542969 0.525926 0.045312 0.075000 
2 0.358594 0.524537 0.051042 0.082407 
2 0.369531 0.520370 0.066146 0.085185 
