2 0.864583 0.546759 0.101562 0.157407 
1 0.528385 0.386574 0.091667 0.150926 
0 0.862240 0.449074 0.131313 0.365741 
0 0.513281 0.452315 0.127273 0.363889 
1 0.503906 0.547222 0.092188 0.159259 
0 0.091146 0.367130 0.167172 0.326852 
0 0.104167 0.463889 0.141414 0.345370 
1 0.507292 0.231944 0.092188 0.147222 
2 0.124740 0.538426 0.112500 0.184259 
2 0.087760 0.360648 0.141146 0.205556 
0 0.123698 0.535185 0.113131 0.211111 
0 0.102083 0.427778 0.185859 0.403704 
0 0.330469 0.494444 0.062121 0.175000 
