0 0.359375 0.281019 0.184848 0.425000 
0 0.359635 0.451389 0.172727 0.431481 
0 0.351823 0.384722 0.176263 0.378704 
0 0.365885 0.189815 0.168182 0.379630 
2 0.928125 0.527315 0.058333 0.087037 
2 0.833073 0.533333 0.068229 0.103704 
1 0.665625 0.538889 0.080729 0.144444 
0 0.827604 0.467130 0.092929 0.249074 
0 0.924479 0.473148 0.082828 0.208333 
0 0.366667 0.539352 0.162626 0.287037 
0 0.679167 0.456944 0.119697 0.339815 
1 0.688281 0.405556 0.083333 0.146296 
1 0.817448 0.433333 0.067187 0.103704 
0 0.359896 0.279167 0.234848 0.511111 
2 0.350781 0.359259 0.127604 0.192593 
0 0.209375 0.501389 0.095960 0.186111 
2 0.209375 0.500926 0.097396 0.182407 
2 0.373177 0.563889 0.123958 0.199074 
0 0.373958 0.139815 0.135354 0.244444 
