0 0.890625 0.466667 0.110101 0.276852 
0 0.388802 0.298611 0.168182 0.326852 
0 0.383333 0.369907 0.162626 0.315741 
1 0.704948 0.542130 0.084896 0.150000 
2 0.898698 0.537037 0.072917 0.112037 
0 0.717448 0.457870 0.125758 0.349074 
0 0.395052 0.436111 0.173232 0.444444 
1 0.728385 0.403241 0.087500 0.149074 
1 0.873437 0.435648 0.070833 0.109259 
2 0.936458 0.277315 0.064062 0.101852 
2 0.385937 0.363426 0.123438 0.180556 
0 0.402083 0.190278 0.162121 0.343519 
0 0.262760 0.500463 0.082828 0.180556 
0 0.404427 0.155093 0.136869 0.248148 
0 0.398438 0.543056 0.144949 0.292593 
2 0.261719 0.501852 0.083333 0.164815 
2 0.407031 0.199074 0.118229 0.139815 
0 0.405469 0.560648 0.129798 0.222222 
2 0.405469 0.560185 0.131250 0.218519 
0 0.396615 0.270370 0.199495 0.470370 
