0 0.376563 0.378241 0.173232 0.351852 
0 0.387240 0.440741 0.168182 0.443519 
0 0.382812 0.291204 0.169192 0.345370 
2 0.886979 0.329167 0.078646 0.123148 
0 0.707292 0.456019 0.122222 0.350000 
1 0.695573 0.543056 0.084375 0.149074 
2 0.884635 0.537500 0.070833 0.110185 
0 0.969010 0.476852 0.059596 0.213889 
0 0.877604 0.471759 0.100000 0.259259 
1 0.717969 0.403241 0.083333 0.152778 
0 0.253125 0.501852 0.080808 0.179630 
0 0.390885 0.538426 0.153030 0.290741 
2 0.251563 0.503241 0.086458 0.178704 
1 0.862500 0.437037 0.069271 0.102778 
0 0.392188 0.189815 0.143939 0.351852 
2 0.372917 0.360648 0.128646 0.187037 
2 0.394792 0.561111 0.130208 0.222222 
2 0.395313 0.161111 0.129688 0.228704 
0 0.394792 0.555556 0.128788 0.235185 
