1 0.604948 0.537500 0.076042 0.137037 
0 0.296615 0.427315 0.160101 0.373148 
2 0.784896 0.343981 0.068750 0.112037 
2 0.782031 0.532407 0.061979 0.099074 
0 0.615625 0.456944 0.111616 0.332407 
0 0.877344 0.475926 0.074747 0.195370 
0 0.777083 0.470370 0.083838 0.237963 
1 0.765365 0.439352 0.057813 0.092593 
2 0.284896 0.367130 0.125000 0.173148 
2 0.304167 0.551389 0.120313 0.197222 
1 0.624479 0.407407 0.076563 0.141667 
0 0.305208 0.551852 0.124747 0.222222 
2 0.179167 0.505556 0.074479 0.164815 
0 0.179167 0.502778 0.072727 0.177778 
0 0.296094 0.293056 0.196970 0.401852 
0 0.305469 0.168519 0.131313 0.237963 
2 0.307552 0.173611 0.123958 0.209259 
