0 0.296615 0.431481 0.159596 0.374074 
1 0.605469 0.537500 0.075521 0.136111 
2 0.785156 0.343056 0.065625 0.109259 
2 0.782031 0.532407 0.062500 0.100000 
0 0.615885 0.457407 0.111111 0.330556 
0 0.776823 0.470370 0.084343 0.237037 
0 0.877344 0.475926 0.074242 0.196296 
1 0.765104 0.440278 0.058333 0.093519 
2 0.304688 0.555556 0.121875 0.187963 
2 0.284635 0.367130 0.126042 0.175000 
0 0.296094 0.293519 0.197475 0.402778 
1 0.624740 0.407407 0.076563 0.141667 
2 0.179688 0.507407 0.074479 0.163889 
2 0.307812 0.175463 0.122917 0.207407 
0 0.305990 0.553704 0.124747 0.217593 
0 0.305990 0.168519 0.130303 0.236111 
0 0.295052 0.537963 0.145455 0.311111 
0 0.179427 0.504167 0.071717 0.179630 
0 0.290885 0.367593 0.171212 0.278704 
