0 0.281510 0.394907 0.169697 0.363889 
0 0.284896 0.290278 0.163131 0.345370 
1 0.603906 0.535648 0.076563 0.137963 
2 0.786719 0.340278 0.066667 0.110185 
0 0.777604 0.468981 0.085859 0.237037 
2 0.783073 0.530556 0.062500 0.100926 
0 0.880208 0.475000 0.075253 0.198148 
0 0.612760 0.455093 0.111616 0.336111 
0 0.284375 0.444444 0.152525 0.373148 
1 0.622656 0.403704 0.075000 0.137037 
1 0.765365 0.438426 0.059375 0.093519 
0 0.286458 0.537037 0.151515 0.290741 
0 0.294531 0.202778 0.134343 0.348148 
0 0.296354 0.550926 0.130808 0.223148 
2 0.295312 0.549074 0.127604 0.201852 
2 0.298438 0.170833 0.127604 0.214815 
2 0.273698 0.361574 0.133854 0.180556 
0 0.285417 0.372222 0.193434 0.275926 
