2 0.347656 0.518056 0.055208 0.089815 
2 0.343750 0.343056 0.056250 0.100926 
0 0.772656 0.467593 0.084848 0.229630 
1 0.765625 0.528704 0.053646 0.091667 
0 0.351562 0.460648 0.075758 0.223148 
0 0.557552 0.463426 0.071212 0.212963 
2 0.357292 0.434722 0.053125 0.088889 
2 0.990104 0.534722 0.018750 0.095370 
0 0.977344 0.471296 0.042929 0.238889 
1 0.782292 0.437037 0.059896 0.099074 
1 0.980469 0.445833 0.038021 0.099074 
2 0.555208 0.513889 0.048958 0.089815 
1 0.990365 0.353241 0.018229 0.100926 
