0 0.230208 0.465278 0.081818 0.226852 
2 0.224219 0.525000 0.056250 0.089815 
2 0.241667 0.445370 0.054688 0.086111 
2 0.225781 0.356481 0.057813 0.100000 
1 0.441667 0.525000 0.045833 0.078704 
0 0.436458 0.476852 0.066667 0.188889 
2 0.431510 0.451389 0.048958 0.080556 
1 0.609375 0.526389 0.044792 0.076852 
1 0.611979 0.381944 0.045312 0.081481 
0 0.610938 0.477315 0.057071 0.176852 
1 0.612500 0.457407 0.041667 0.066667 
0 0.036719 0.462500 0.062121 0.215741 
0 0.023698 0.463889 0.043434 0.207407 
