2 0.840104 0.530093 0.057813 0.090741 
2 0.099740 0.514352 0.051562 0.075926 
2 0.636198 0.526389 0.056250 0.086111 
2 0.097656 0.368519 0.055208 0.087037 
0 0.633594 0.472222 0.083333 0.209259 
0 0.844271 0.475463 0.078283 0.215741 
0 0.438021 0.472685 0.069192 0.191667 
2 0.112760 0.443519 0.050000 0.077778 
0 0.103646 0.465278 0.077778 0.193519 
1 0.445833 0.442130 0.046354 0.075926 
1 0.436198 0.521759 0.046875 0.078704 
1 0.842448 0.364352 0.054688 0.091667 
1 0.847135 0.451389 0.053646 0.079630 
2 0.841146 0.362037 0.053646 0.088889 
