0 0.732552 0.500926 0.062121 0.173148 
0 0.190885 0.493056 0.066667 0.187963 
0 0.560937 0.499074 0.065657 0.179630 
2 0.729948 0.549074 0.046354 0.075926 
2 0.566667 0.549074 0.043750 0.075926 
0 0.023958 0.489352 0.045960 0.201852 
1 0.378385 0.545833 0.043229 0.075926 
2 0.011979 0.377778 0.023958 0.098148 
2 0.013281 0.541204 0.025521 0.084259 
2 0.020052 0.463426 0.038542 0.089815 
0 0.381771 0.500926 0.061111 0.187037 
1 0.730469 0.406019 0.043229 0.073148 
1 0.733854 0.482870 0.040104 0.064815 
1 0.385677 0.471759 0.043750 0.072222 
