0 0.580469 0.536574 0.060101 0.170370 
2 0.060156 0.500000 0.052083 0.079630 
2 0.045833 0.573148 0.057292 0.081481 
2 0.057031 0.419907 0.054167 0.086111 
2 0.584635 0.581481 0.041146 0.071296 
0 0.736979 0.537963 0.058586 0.169444 
0 0.053385 0.524074 0.079293 0.194444 
2 0.735417 0.582870 0.043750 0.072222 
1 0.406250 0.579630 0.040104 0.070370 
0 0.410417 0.534722 0.056566 0.174074 
1 0.415365 0.504167 0.041667 0.068519 
1 0.735417 0.447222 0.040625 0.064815 
1 0.738542 0.518981 0.040625 0.062963 
