2 0.106250 0.608333 0.051042 0.075000 
0 0.602344 0.571296 0.057071 0.162037 
0 0.751302 0.571759 0.057576 0.164815 
0 0.113281 0.563426 0.069192 0.181481 
2 0.120313 0.535185 0.047917 0.076852 
2 0.608594 0.616667 0.038542 0.067593 
0 0.444531 0.570833 0.052020 0.162037 
2 0.750260 0.617593 0.041146 0.066667 
1 0.748958 0.489352 0.039062 0.064815 
1 0.753385 0.554630 0.038542 0.063889 
1 0.450521 0.543981 0.037500 0.066667 
1 0.439323 0.613889 0.034375 0.064815 
0 0.363802 0.591204 0.039899 0.105556 
