0 0.527083 0.572685 0.051515 0.151852 
0 0.240365 0.564352 0.056566 0.149074 
0 0.675260 0.572222 0.055051 0.152778 
2 0.821354 0.617130 0.041146 0.065741 
0 0.821094 0.575463 0.054545 0.154630 
2 0.680469 0.614352 0.037500 0.062037 
1 0.524219 0.610648 0.036458 0.061111 
2 0.246875 0.540741 0.038021 0.063889 
2 0.236458 0.602778 0.042188 0.063889 
1 0.532552 0.548611 0.035417 0.061111 
0 0.383854 0.566667 0.053030 0.144444 
1 0.818229 0.495833 0.039583 0.065741 
1 0.822135 0.559259 0.039062 0.059259 
