0 0.315625 0.527778 0.046970 0.125926 
0 0.681250 0.537037 0.046970 0.129630 
0 0.556510 0.534722 0.044444 0.126852 
2 0.806771 0.571759 0.034896 0.055556 
0 0.808073 0.537500 0.048485 0.129630 
2 0.686198 0.571759 0.031771 0.051852 
2 0.313021 0.561574 0.035417 0.052778 
1 0.805729 0.471759 0.031250 0.054630 
2 0.678385 0.517593 0.033333 0.052778 
2 0.318490 0.508796 0.030729 0.048148 
1 0.559115 0.516204 0.031250 0.049074 
1 0.808073 0.523611 0.030729 0.050000 
1 0.553125 0.568981 0.027083 0.049074 
