0 0.288281 0.465278 0.047475 0.128704 
0 0.517188 0.471759 0.038889 0.116667 
0 0.634115 0.474074 0.041919 0.117593 
0 0.747135 0.472222 0.041919 0.119444 
2 0.745833 0.505093 0.030208 0.049074 
2 0.285677 0.499074 0.033854 0.051852 
2 0.291667 0.448148 0.032292 0.053704 
1 0.746875 0.411111 0.028646 0.050000 
2 0.632031 0.457407 0.030729 0.050926 
2 0.637500 0.505556 0.028646 0.046296 
1 0.514583 0.502315 0.027083 0.045370 
1 0.521094 0.454167 0.029167 0.050000 
1 0.748698 0.459722 0.026562 0.042593 
