0 0.285938 0.462500 0.044949 0.130556 
0 0.516406 0.471296 0.038384 0.115741 
0 0.633073 0.474074 0.041919 0.117593 
0 0.745052 0.473148 0.041919 0.115741 
2 0.281510 0.375000 0.034375 0.059259 
2 0.744010 0.504630 0.031250 0.049074 
2 0.630469 0.457407 0.030729 0.050926 
2 0.287240 0.497685 0.032813 0.053704 
1 0.520052 0.453241 0.028125 0.050000 
2 0.636719 0.505556 0.028646 0.045370 
1 0.744792 0.411111 0.029167 0.050000 
1 0.514062 0.502315 0.026562 0.044444 
1 0.747656 0.459259 0.027083 0.044444 
