0 0.776563 0.467593 0.048485 0.131481 
2 0.781250 0.398611 0.036458 0.059259 
0 0.648177 0.465741 0.042424 0.121296 
0 0.914323 0.469444 0.050505 0.142593 
2 0.914323 0.506019 0.037500 0.056481 
2 0.778125 0.504167 0.032813 0.050000 
2 0.427865 0.491204 0.029167 0.048148 
2 0.773177 0.451852 0.035417 0.057407 
1 0.914844 0.402315 0.035417 0.055556 
1 0.652865 0.448148 0.030208 0.051852 
0 0.427865 0.464352 0.038384 0.105556 
1 0.644010 0.498611 0.028125 0.048148 
1 0.916927 0.457407 0.031771 0.047222 
