0 0.771875 0.468981 0.046465 0.125000 
0 0.910156 0.469907 0.049495 0.134259 
2 0.773438 0.400926 0.035937 0.059259 
0 0.643750 0.466667 0.041414 0.118519 
2 0.908594 0.506481 0.037500 0.056481 
2 0.774479 0.503704 0.032292 0.048148 
2 0.424219 0.488426 0.028646 0.047222 
1 0.640625 0.496759 0.028125 0.047222 
1 0.646875 0.447222 0.031250 0.051852 
2 0.770052 0.453241 0.034896 0.054630 
0 0.424479 0.462037 0.039899 0.112037 
1 0.909375 0.401389 0.035417 0.056481 
1 0.911458 0.457407 0.031771 0.046296 
