2 0.757292 0.400000 0.034375 0.056481 
0 0.755990 0.465741 0.046465 0.126852 
2 0.887240 0.504630 0.035417 0.054630 
0 0.629167 0.465741 0.042424 0.119444 
0 0.888542 0.468519 0.049495 0.136111 
2 0.409115 0.487037 0.029167 0.048148 
1 0.633073 0.446296 0.030208 0.049074 
2 0.756250 0.501852 0.031771 0.049074 
2 0.753385 0.451852 0.033854 0.054630 
0 0.409115 0.457870 0.038889 0.112963 
1 0.888542 0.401389 0.034896 0.055556 
1 0.890625 0.456019 0.031771 0.048148 
1 0.626042 0.495370 0.028125 0.045370 
