1 0.583073 0.398611 0.029167 0.049074 
2 0.473177 0.396296 0.030729 0.052778 
2 0.581510 0.490741 0.031250 0.050000 
2 0.133594 0.484259 0.031771 0.050000 
0 0.358073 0.462037 0.038384 0.115741 
0 0.584115 0.459259 0.042424 0.119444 
0 0.134115 0.455093 0.045960 0.113889 
1 0.359635 0.439352 0.028646 0.047222 
1 0.587240 0.443981 0.028646 0.046296 
0 0.474740 0.457407 0.047475 0.114815 
1 0.356771 0.487963 0.028125 0.045370 
2 0.480208 0.486111 0.038542 0.053704 
2 0.467708 0.446759 0.031250 0.050926 
