1 0.527083 0.393056 0.026562 0.048148 
0 0.302083 0.454167 0.038384 0.114815 
2 0.418750 0.391204 0.030208 0.051852 
2 0.526042 0.485185 0.028125 0.048148 
0 0.528646 0.453704 0.038889 0.118519 
0 0.416146 0.451852 0.042929 0.115741 
0 0.072656 0.449074 0.045960 0.116667 
2 0.075521 0.479630 0.032813 0.050000 
2 0.417448 0.485648 0.030208 0.047222 
1 0.304948 0.435185 0.029167 0.049074 
2 0.413021 0.440741 0.030208 0.053704 
1 0.532813 0.440278 0.026042 0.042593 
1 0.301042 0.482407 0.028646 0.047222 
