2 0.411979 0.393056 0.030208 0.052778 
1 0.519531 0.394444 0.027604 0.050926 
0 0.293229 0.454167 0.040909 0.116667 
0 0.521615 0.454630 0.039899 0.118519 
2 0.519531 0.485648 0.028646 0.049074 
0 0.061719 0.450000 0.045960 0.115741 
2 0.064844 0.479167 0.033333 0.050000 
0 0.408594 0.454630 0.041414 0.115741 
2 0.404687 0.440741 0.030208 0.050926 
1 0.292708 0.484259 0.028646 0.046296 
1 0.296615 0.435648 0.030729 0.050926 
2 0.410938 0.486574 0.029167 0.045370 
1 0.526042 0.440741 0.025000 0.046296 
