0 0.294010 0.454630 0.040404 0.115741 
2 0.411979 0.392593 0.030729 0.052778 
0 0.061198 0.449537 0.046970 0.116667 
2 0.519271 0.486111 0.028646 0.049074 
1 0.519531 0.394907 0.027604 0.050926 
0 0.521354 0.455093 0.039899 0.117593 
2 0.064583 0.478704 0.033333 0.050000 
0 0.408594 0.454630 0.041919 0.114815 
0 0.176563 0.450463 0.041414 0.120370 
2 0.404948 0.440741 0.030208 0.051852 
1 0.297135 0.435185 0.029687 0.050000 
1 0.292708 0.483796 0.028646 0.046296 
2 0.410938 0.486574 0.029167 0.045370 
