1 0.521094 0.394444 0.026562 0.050000 
2 0.413542 0.392593 0.029687 0.051852 
0 0.295833 0.455093 0.038384 0.112037 
0 0.178906 0.450463 0.041414 0.118519 
0 0.065365 0.449537 0.046465 0.121296 
2 0.520833 0.486111 0.029167 0.049074 
2 0.067448 0.478704 0.034375 0.050000 
1 0.298177 0.434259 0.028646 0.047222 
0 0.523177 0.454630 0.039899 0.119444 
0 0.410156 0.454167 0.042424 0.114815 
2 0.406250 0.440278 0.029687 0.050926 
2 0.413542 0.486574 0.030729 0.045370 
1 0.528125 0.440741 0.026042 0.046296 
2 0.294271 0.482870 0.027604 0.047222 
