2 0.423958 0.391667 0.031250 0.053704 
2 0.532031 0.485648 0.029167 0.049074 
0 0.534115 0.454630 0.040404 0.118519 
2 0.305469 0.387963 0.030208 0.048148 
2 0.080469 0.479167 0.033333 0.050000 
0 0.307292 0.453704 0.038384 0.113889 
1 0.531771 0.393519 0.027083 0.050000 
0 0.421354 0.453704 0.042424 0.114815 
1 0.309896 0.434722 0.029167 0.048148 
2 0.417969 0.440741 0.030729 0.050926 
2 0.421875 0.484722 0.031250 0.047222 
0 0.076302 0.447685 0.048485 0.122222 
1 0.538021 0.439352 0.027083 0.046296 
2 0.306250 0.485185 0.027083 0.044444 
