2 0.477083 0.397222 0.030208 0.051852 
2 0.585677 0.491667 0.030729 0.050000 
2 0.154427 0.481019 0.030729 0.047222 
0 0.587500 0.460185 0.044444 0.121296 
0 0.151823 0.451389 0.044949 0.117593 
0 0.362500 0.459722 0.038384 0.108333 
1 0.585938 0.398611 0.029687 0.051852 
1 0.360938 0.487037 0.027604 0.045370 
2 0.361979 0.394907 0.028646 0.047222 
1 0.365885 0.440741 0.029167 0.047222 
2 0.475000 0.490741 0.033333 0.047222 
0 0.476562 0.457870 0.047980 0.116667 
1 0.590625 0.445833 0.030208 0.047222 
