2 0.494792 0.451852 0.032292 0.055556 
0 0.375000 0.515741 0.040404 0.120370 
0 0.156771 0.508333 0.043434 0.115741 
2 0.610417 0.554167 0.032813 0.054630 
2 0.158854 0.537500 0.030729 0.050000 
2 0.491406 0.550926 0.030208 0.048148 
0 0.491146 0.516667 0.044444 0.120370 
2 0.374219 0.449074 0.030208 0.050926 
0 0.612760 0.518056 0.046465 0.133333 
1 0.373177 0.546759 0.031250 0.048148 
1 0.611979 0.452778 0.030729 0.054630 
1 0.377865 0.496759 0.029687 0.049074 
2 0.486198 0.503704 0.029687 0.050926 
1 0.617448 0.506019 0.030729 0.051852 
