0 0.509635 0.565278 0.050505 0.137963 
2 0.638542 0.605556 0.035417 0.058333 
1 0.638542 0.494907 0.032292 0.058333 
0 0.383333 0.561574 0.046970 0.129630 
0 0.640625 0.568519 0.050505 0.142593 
2 0.511979 0.494444 0.033854 0.056481 
0 0.154688 0.552315 0.047980 0.122222 
2 0.157292 0.582407 0.032813 0.052778 
1 0.380990 0.594907 0.032292 0.052778 
2 0.382812 0.489815 0.033333 0.053704 
2 0.504687 0.547685 0.033333 0.055556 
2 0.508854 0.600000 0.034375 0.054630 
1 0.645052 0.549537 0.033854 0.054630 
1 0.387240 0.541667 0.032292 0.052778 
