1 0.293229 0.522222 0.051562 0.084259 
2 0.292969 0.355093 0.053646 0.090741 
2 0.496354 0.523611 0.054688 0.086111 
0 0.495833 0.469444 0.072727 0.210185 
2 0.686198 0.526389 0.051042 0.083333 
0 0.295833 0.466667 0.073232 0.215741 
2 0.501302 0.362963 0.050521 0.091667 
0 0.688281 0.471759 0.068182 0.203704 
0 0.087500 0.461111 0.074242 0.209259 
2 0.492448 0.447222 0.052083 0.083333 
1 0.687240 0.370370 0.045833 0.084259 
1 0.302083 0.439815 0.052083 0.086111 
1 0.693229 0.451852 0.048438 0.075000 
