0 0.029948 0.464352 0.056061 0.199074 
2 0.395052 0.351389 0.053125 0.092593 
0 0.604688 0.469444 0.082323 0.230556 
2 0.025260 0.514352 0.049479 0.087037 
0 0.396615 0.467130 0.075758 0.224074 
2 0.612760 0.351852 0.056250 0.100000 
1 0.395052 0.525463 0.052083 0.088889 
0 0.832031 0.469444 0.086869 0.237963 
2 0.828125 0.532870 0.063021 0.098148 
2 0.604427 0.528704 0.061979 0.092593 
1 0.403646 0.440278 0.051562 0.085185 
1 0.829167 0.353241 0.059375 0.099074 
2 0.603385 0.446759 0.058333 0.094444 
0 0.198437 0.459722 0.066162 0.197222 
1 0.835677 0.447685 0.060417 0.092593 
