2 0.394792 0.351389 0.053125 0.091667 
0 0.603906 0.469444 0.081818 0.230556 
2 0.025000 0.514352 0.048958 0.087037 
0 0.395313 0.468056 0.077273 0.223148 
0 0.029948 0.464352 0.055556 0.198148 
1 0.394010 0.526852 0.052604 0.087037 
2 0.612500 0.352315 0.056250 0.100000 
0 0.831250 0.469444 0.086869 0.237963 
2 0.827604 0.533333 0.063021 0.098148 
2 0.603906 0.529167 0.062500 0.092593 
1 0.403646 0.440278 0.052083 0.087963 
1 0.830469 0.352315 0.061458 0.100926 
2 0.602344 0.445833 0.057813 0.088889 
1 0.835417 0.449537 0.060937 0.092593 
