0 0.395052 0.467130 0.078283 0.225000 
2 0.394010 0.351389 0.053646 0.093519 
0 0.029167 0.463889 0.054545 0.199074 
1 0.394010 0.525926 0.052083 0.087037 
0 0.603646 0.468981 0.081818 0.229630 
2 0.024740 0.513889 0.048438 0.087963 
2 0.611979 0.352315 0.056250 0.100000 
0 0.830990 0.469444 0.086869 0.238889 
2 0.827344 0.533333 0.063021 0.099074 
2 0.603646 0.529167 0.061979 0.092593 
1 0.402865 0.439352 0.052083 0.087963 
1 0.829167 0.350926 0.061458 0.100000 
2 0.602344 0.447222 0.059375 0.095370 
1 0.834635 0.449537 0.058854 0.090741 
