2 0.394271 0.351389 0.053125 0.092593 
0 0.029427 0.464352 0.055051 0.199074 
1 0.393750 0.525463 0.052604 0.087963 
0 0.396094 0.467593 0.075758 0.225000 
0 0.603646 0.468981 0.081818 0.230556 
2 0.024479 0.513889 0.048438 0.087963 
2 0.611719 0.351852 0.056250 0.100000 
0 0.830990 0.469444 0.087374 0.238889 
2 0.827344 0.533333 0.063021 0.098148 
1 0.402083 0.439352 0.053125 0.087963 
2 0.603646 0.529167 0.062500 0.092593 
1 0.828906 0.350463 0.060937 0.099074 
2 0.602083 0.445370 0.057813 0.087963 
1 0.834375 0.449537 0.059375 0.089815 
