2 0.394010 0.351389 0.052604 0.092593 
0 0.029427 0.464815 0.055051 0.197222 
1 0.393750 0.525463 0.052604 0.087963 
0 0.603125 0.469444 0.080808 0.229630 
2 0.024219 0.515278 0.047396 0.092593 
0 0.396354 0.467130 0.074747 0.225000 
2 0.611719 0.352315 0.056250 0.100000 
2 0.827083 0.533333 0.062500 0.099074 
0 0.830469 0.469907 0.086364 0.237963 
1 0.402604 0.440741 0.052083 0.087037 
2 0.603125 0.529167 0.062500 0.092593 
1 0.829948 0.350926 0.060937 0.100000 
2 0.602344 0.447222 0.058333 0.094444 
1 0.834115 0.449537 0.058854 0.088889 
