2 0.450781 0.353241 0.052083 0.088889 
0 0.104688 0.467593 0.073232 0.188889 
2 0.670573 0.349074 0.058854 0.105556 
1 0.451823 0.525463 0.051042 0.086111 
0 0.663021 0.468519 0.085354 0.233333 
2 0.907292 0.531481 0.069271 0.108333 
2 0.105729 0.515741 0.054167 0.081481 
0 0.452604 0.467593 0.076263 0.219444 
0 0.909896 0.468981 0.094444 0.251852 
2 0.663542 0.525463 0.064583 0.098148 
1 0.459375 0.442130 0.050521 0.087963 
1 0.903385 0.337963 0.068229 0.108333 
2 0.661719 0.446296 0.059896 0.098148 
1 0.909375 0.442593 0.055208 0.082407 
