0 0.591927 0.472222 0.075253 0.225000 
0 0.383073 0.468056 0.075253 0.223148 
2 0.598437 0.355556 0.054167 0.096296 
2 0.383594 0.352778 0.053125 0.088889 
1 0.380990 0.526389 0.050521 0.087037 
2 0.015625 0.515278 0.030729 0.087963 
2 0.592708 0.530556 0.054688 0.088889 
2 0.808333 0.531944 0.060937 0.098148 
0 0.018750 0.465741 0.035859 0.200000 
0 0.811458 0.472685 0.083333 0.235185 
2 0.589323 0.446296 0.057292 0.095370 
1 0.389062 0.440741 0.052083 0.085185 
1 0.811198 0.354167 0.060937 0.096296 
1 0.814583 0.448611 0.056771 0.083333 
1 0.014583 0.439815 0.025000 0.070370 
