2 0.546354 0.362963 0.050521 0.091667 
2 0.338281 0.356481 0.051562 0.087963 
1 0.338021 0.525000 0.050521 0.087037 
0 0.539323 0.472222 0.076263 0.215741 
0 0.339844 0.468981 0.076768 0.216667 
2 0.737240 0.529630 0.052083 0.086111 
0 0.740885 0.474074 0.072727 0.211111 
2 0.539323 0.525926 0.056771 0.088889 
0 0.134375 0.463426 0.075253 0.205556 
1 0.346875 0.440741 0.051042 0.083333 
1 0.739062 0.369444 0.048958 0.088889 
1 0.743229 0.451852 0.050521 0.076852 
2 0.538281 0.448148 0.053646 0.086111 
