2 0.967448 0.534722 0.059896 0.093519 
2 0.137500 0.512963 0.063021 0.097222 
0 0.564844 0.469444 0.076768 0.223148 
2 0.768490 0.533333 0.054167 0.087037 
2 0.558594 0.352315 0.052604 0.092593 
0 0.767448 0.475000 0.075758 0.218519 
2 0.771615 0.360185 0.055729 0.093519 
0 0.964063 0.475926 0.068687 0.221296 
1 0.558594 0.528241 0.051042 0.087963 
2 0.146094 0.374537 0.056771 0.095370 
0 0.141146 0.450463 0.080808 0.235185 
1 0.572135 0.441204 0.054167 0.090741 
2 0.767448 0.450000 0.056250 0.089815 
0 0.351823 0.462037 0.069192 0.212963 
