0 0.936719 0.473611 0.086364 0.233333 
1 0.710417 0.529167 0.050000 0.089815 
2 0.712240 0.350926 0.056771 0.098148 
0 0.718750 0.468981 0.080808 0.229630 
2 0.936198 0.535648 0.060417 0.092593 
2 0.938542 0.355093 0.066667 0.100926 
2 0.293229 0.517593 0.056771 0.090741 
0 0.294531 0.468519 0.072727 0.200000 
0 0.511198 0.464352 0.069697 0.210185 
2 0.514062 0.512963 0.048438 0.089815 
2 0.302604 0.379167 0.051042 0.085185 
2 0.938021 0.448611 0.065625 0.100000 
1 0.726302 0.440278 0.057813 0.093519 
