2 0.069531 0.518056 0.079687 0.114815 
2 0.528906 0.361111 0.050000 0.087037 
0 0.830469 0.481019 0.061616 0.169444 
2 0.698438 0.379167 0.045833 0.078704 
0 0.069792 0.452315 0.107071 0.273148 
1 0.527865 0.524537 0.046354 0.080556 
0 0.533594 0.468519 0.074747 0.207407 
0 0.331250 0.458333 0.075253 0.220370 
2 0.697917 0.455093 0.045312 0.075926 
2 0.227083 0.260648 0.057292 0.097222 
2 0.828385 0.525000 0.044792 0.069444 
2 0.696354 0.526852 0.044271 0.072222 
0 0.697135 0.476852 0.061616 0.181481 
1 0.540885 0.443056 0.048958 0.082407 
2 0.329167 0.510185 0.051562 0.095370 
