2 0.529687 0.361574 0.050000 0.087037 
2 0.699219 0.379167 0.046354 0.079630 
0 0.831771 0.480556 0.063131 0.171296 
0 0.328646 0.455093 0.078283 0.241667 
1 0.528385 0.525000 0.046354 0.080556 
0 0.533333 0.468981 0.075758 0.208333 
2 0.328125 0.400463 0.059896 0.100000 
2 0.698438 0.455556 0.044792 0.075926 
2 0.696875 0.526852 0.044271 0.071296 
2 0.829167 0.524537 0.044792 0.070370 
0 0.697396 0.476389 0.061111 0.180556 
1 0.541406 0.443056 0.048958 0.083333 
2 0.325260 0.520370 0.056250 0.096296 
