0 0.335677 0.469444 0.078788 0.218519 
2 0.528906 0.361111 0.050000 0.087037 
0 0.830208 0.480556 0.062626 0.170370 
2 0.698698 0.378704 0.045833 0.078704 
1 0.527865 0.524537 0.046354 0.079630 
0 0.532813 0.468981 0.075253 0.207407 
2 0.697917 0.455093 0.045312 0.075926 
2 0.336458 0.526852 0.056771 0.088889 
2 0.828125 0.524537 0.044792 0.070370 
2 0.696354 0.526852 0.044271 0.072222 
0 0.697135 0.475926 0.061616 0.181481 
1 0.540365 0.442130 0.048438 0.082407 
2 0.335417 0.444907 0.059375 0.094444 
