2 0.528906 0.360648 0.050521 0.087037 
0 0.333854 0.468519 0.079293 0.221296 
0 0.830990 0.480093 0.062121 0.170370 
2 0.698438 0.379167 0.046354 0.078704 
1 0.527604 0.524537 0.045833 0.080556 
0 0.534375 0.469907 0.072727 0.209259 
2 0.697917 0.455556 0.045312 0.075926 
2 0.828385 0.524537 0.044792 0.069444 
0 0.697135 0.476389 0.061616 0.181481 
2 0.696354 0.526852 0.044271 0.071296 
1 0.541146 0.443519 0.049479 0.083333 
2 0.327344 0.446296 0.057292 0.090741 
2 0.339583 0.525000 0.058854 0.090741 
