2 0.529687 0.361574 0.050000 0.087963 
0 0.333594 0.469444 0.078788 0.219444 
2 0.698958 0.379167 0.046875 0.079630 
0 0.831771 0.480093 0.062121 0.171296 
0 0.533854 0.468981 0.072727 0.207407 
1 0.528385 0.524537 0.046354 0.079630 
2 0.829167 0.524537 0.044792 0.070370 
2 0.698438 0.455093 0.044271 0.075926 
2 0.327604 0.446296 0.057292 0.090741 
2 0.696875 0.526852 0.044271 0.072222 
0 0.697396 0.477778 0.061111 0.179630 
2 0.339323 0.525463 0.058333 0.089815 
1 0.542188 0.444444 0.048958 0.084259 
