0 0.414844 0.478704 0.073737 0.192593 
2 0.794531 0.368519 0.052604 0.087963 
0 0.793750 0.476389 0.069697 0.198148 
1 0.603125 0.524074 0.047396 0.082407 
0 0.610938 0.469444 0.073232 0.208333 
2 0.792708 0.526852 0.050000 0.078704 
2 0.469531 0.284722 0.059375 0.099074 
2 0.958073 0.526852 0.054688 0.081481 
2 0.793229 0.449537 0.052083 0.085185 
0 0.960156 0.472685 0.071212 0.203704 
2 0.419271 0.524537 0.050000 0.080556 
1 0.618229 0.440741 0.050000 0.084259 
2 0.408594 0.455093 0.056250 0.089815 
