2 0.966667 0.525926 0.057292 0.086111 
0 0.793229 0.474074 0.072222 0.205556 
2 0.795312 0.365741 0.053646 0.087963 
2 0.792708 0.527315 0.051042 0.081481 
2 0.402865 0.356944 0.056250 0.102778 
0 0.409375 0.475463 0.080808 0.204630 
2 0.793750 0.450463 0.055208 0.087037 
0 0.965365 0.470833 0.065152 0.208333 
1 0.597135 0.345833 0.047396 0.075926 
1 0.520312 0.297685 0.047917 0.083333 
0 0.598437 0.457870 0.066667 0.206481 
2 0.415365 0.520370 0.059375 0.094444 
1 0.587500 0.340278 0.050521 0.086111 
2 0.401562 0.457870 0.057813 0.095370 
