0 0.944271 0.298611 0.096465 0.265741 
0 0.053646 0.537037 0.104040 0.249074 
0 0.500521 0.432870 0.159091 0.402778 
0 0.945052 0.564815 0.103030 0.239815 
0 0.503385 0.294907 0.181818 0.374074 
2 0.493750 0.364815 0.126042 0.187037 
2 0.510156 0.559722 0.120313 0.205556 
0 0.495052 0.363426 0.161616 0.296296 
2 0.046354 0.592130 0.080729 0.114815 
2 0.516146 0.164815 0.130208 0.229630 
0 0.513281 0.556944 0.118687 0.230556 
0 0.512760 0.201389 0.141919 0.343519 
0 0.517188 0.158333 0.129293 0.241667 
