2 0.727344 0.405556 0.029167 0.050000 
0 0.946094 0.450463 0.042929 0.135185 
1 0.945833 0.406481 0.031771 0.053704 
0 0.728906 0.459722 0.040404 0.112037 
0 0.616406 0.454167 0.049495 0.117593 
2 0.726562 0.489352 0.027083 0.045370 
1 0.946094 0.488426 0.029167 0.049074 
2 0.625260 0.373148 0.029167 0.057407 
2 0.733594 0.448611 0.028125 0.045370 
0 0.837240 0.455556 0.041414 0.122222 
2 0.842187 0.491204 0.028125 0.045370 
1 0.841667 0.489352 0.027604 0.047222 
1 0.944792 0.452315 0.029167 0.044444 
