1 0.791146 0.401389 0.034375 0.057407 
1 0.788802 0.501852 0.032292 0.053704 
0 0.791667 0.467593 0.047475 0.131481 
0 0.667708 0.467593 0.046465 0.116667 
0 0.458333 0.467130 0.036869 0.108333 
0 0.556771 0.468519 0.044444 0.107407 
2 0.458594 0.495370 0.026042 0.044444 
2 0.550521 0.412500 0.028125 0.050926 
2 0.556250 0.493981 0.032292 0.049074 
2 0.665365 0.499074 0.028125 0.046296 
1 0.795573 0.455093 0.032813 0.052778 
2 0.671094 0.448611 0.034375 0.050926 
1 0.666146 0.500463 0.028125 0.045370 
