1 0.821094 0.386111 0.035417 0.059259 
0 0.822135 0.453704 0.046970 0.131481 
2 0.580729 0.406019 0.029687 0.050926 
1 0.819271 0.486574 0.032813 0.051852 
0 0.584635 0.459722 0.043434 0.115741 
0 0.696875 0.456944 0.047475 0.118519 
2 0.584115 0.487963 0.032292 0.050000 
1 0.827344 0.438426 0.032292 0.051852 
2 0.489583 0.487963 0.025000 0.040741 
2 0.697917 0.440741 0.036458 0.056481 
2 0.696094 0.488426 0.029167 0.046296 
0 0.490885 0.460185 0.032828 0.107407 
2 0.588802 0.450000 0.028646 0.043519 
