0 0.739583 0.502778 0.060417 0.159259
2 0.734375 0.543519 0.038542 0.064815
0 0.602083 0.489815 0.057292 0.168519
1 0.601302 0.465741 0.039062 0.066667
0 0.281771 0.453704 0.064583 0.181481
2 0.599219 0.531944 0.035937 0.062037
2 0.276302 0.426389 0.045312 0.076852
2 0.741927 0.478704 0.039062 0.064815
1 0.289583 0.497222 0.040625 0.070370
0 0.864583 0.519444 0.068750 0.155556
2 0.444271 0.515741 0.039583 0.068519
1 0.860417 0.553704 0.037500 0.062963
1 0.456250 0.447685 0.042708 0.067593
0 0.449219 0.471759 0.058854 0.175000
