0 0.461719 0.455556 0.055729 0.155556
0 0.607552 0.477315 0.055729 0.156481
2 0.456250 0.493981 0.036458 0.062037
2 0.605208 0.516667 0.034375 0.057407
0 0.315885 0.431481 0.056771 0.155556
1 0.320052 0.472685 0.034896 0.062037
2 0.752604 0.412500 0.040625 0.067593
0 0.890885 0.519907 0.071354 0.156481
0 0.748437 0.497685 0.064583 0.160185
2 0.744271 0.535185 0.039583 0.064815
1 0.885677 0.555093 0.039062 0.065741
1 0.467448 0.431019 0.034896 0.062037
1 0.605729 0.452315 0.037500 0.063889
2 0.754167 0.476852 0.038542 0.062963
2 0.312500 0.409722 0.041667 0.067593
