2 0.631250 0.576389 0.040625 0.067593
2 0.347917 0.543056 0.034375 0.058333
0 0.636719 0.538889 0.059896 0.166667
2 0.489583 0.561111 0.034375 0.057407
2 0.638021 0.446296 0.041667 0.070370
0 0.353385 0.507407 0.049479 0.144444
0 0.488542 0.522685 0.051042 0.154630
1 0.800260 0.595370 0.045312 0.075926
0 0.802604 0.556944 0.065625 0.176852
1 0.358854 0.485648 0.032292 0.056481
0 0.232552 0.491667 0.051562 0.135185
2 0.640365 0.514815 0.040104 0.062963
2 0.228125 0.471759 0.036458 0.062037
1 0.485156 0.499537 0.036979 0.062037
1 0.236719 0.525463 0.032813 0.056481
