2 0.576302 0.516204 0.044271 0.076852
2 0.580208 0.367130 0.045833 0.080556
0 0.580990 0.471296 0.061979 0.183333
1 0.763021 0.520370 0.047917 0.083333
2 0.584375 0.441667 0.044792 0.075926
0 0.763802 0.476389 0.072396 0.195370
0 0.417708 0.467593 0.058333 0.172222
2 0.267448 0.504630 0.039062 0.064815
2 0.423177 0.510648 0.039062 0.067593
1 0.148698 0.496296 0.039062 0.064815
1 0.412500 0.440278 0.040625 0.071296
2 0.134375 0.437037 0.041667 0.066667
0 0.269271 0.462963 0.061458 0.161111
0 0.141406 0.458796 0.063021 0.154630
1 0.267969 0.373611 0.042188 0.069444
1 0.274740 0.442593 0.034896 0.059259
