0 0.593750 0.546296 0.065625 0.200000
2 0.590365 0.590741 0.047396 0.081481
1 0.785156 0.592593 0.050521 0.087037
2 0.592187 0.435185 0.047917 0.085185
2 0.598437 0.512037 0.045833 0.075926
1 0.113542 0.581944 0.045833 0.069444
0 0.784896 0.544444 0.073958 0.205556
0 0.254167 0.543056 0.061458 0.176852
1 0.420052 0.443519 0.044271 0.077778
2 0.421875 0.591204 0.041667 0.071296
0 0.108594 0.541204 0.072396 0.169444
2 0.249219 0.586111 0.042188 0.070370
2 0.097917 0.514352 0.042708 0.069444
1 0.250000 0.444444 0.045833 0.079630
0 0.418229 0.542593 0.062500 0.179630
1 0.261458 0.518056 0.039583 0.067593
1 0.411979 0.518981 0.043750 0.075000
