1 0.607292 0.517130 0.071875 0.123148
2 0.349479 0.685185 0.058333 0.103704
2 0.947135 0.550463 0.105729 0.160185
2 0.595573 0.761111 0.070312 0.122222
0 0.201302 0.576852 0.076563 0.216667
0 0.933333 0.777315 0.133333 0.408333
1 0.204427 0.631019 0.053646 0.091667
1 0.359375 0.482407 0.062500 0.109259
1 0.371875 0.585185 0.058333 0.098148
0 0.359635 0.624537 0.089063 0.256481
1 0.583073 0.637963 0.072396 0.127778
0 0.593490 0.689352 0.108854 0.328704
2 0.194531 0.544907 0.052604 0.089815
2 0.949740 0.710648 0.095312 0.165741
2 0.934375 0.863889 0.112500 0.175926
