1 0.602865 0.514815 0.064062 0.109259
1 0.349479 0.470833 0.062500 0.112037
2 0.851302 0.780093 0.081771 0.130556
2 0.586198 0.726389 0.063021 0.106481
0 0.588802 0.661111 0.099479 0.287037
1 0.146615 0.623148 0.059896 0.100000
2 0.872656 0.550926 0.084896 0.131481
1 0.361198 0.572222 0.055729 0.098148
1 0.582292 0.618981 0.065625 0.112037
0 0.347656 0.610648 0.094271 0.262037
2 0.337500 0.670833 0.058333 0.106481
0 0.142708 0.564815 0.090625 0.242593
2 0.866927 0.663889 0.079687 0.118519
0 0.860677 0.715278 0.123438 0.310185
2 0.133073 0.525926 0.064062 0.103704
