2 0.569531 0.717593 0.054688 0.098148
2 0.073177 0.753704 0.079687 0.125926
2 0.361198 0.735185 0.057813 0.100000
1 0.369792 0.534722 0.058333 0.100926
1 0.742708 0.705556 0.047917 0.087037
0 0.746094 0.657870 0.073438 0.206481
2 0.576302 0.625000 0.052604 0.090741
2 0.576562 0.533796 0.055208 0.095370
0 0.361198 0.672685 0.084896 0.256481
0 0.084375 0.683333 0.120833 0.294444
1 0.085156 0.520370 0.083854 0.129630
0 0.573438 0.664352 0.075000 0.228704
1 0.104427 0.633796 0.068229 0.115741
1 0.354948 0.634722 0.061979 0.106481
