2 0.315625 0.779630 0.057292 0.098148
2 0.514062 0.773148 0.050000 0.092593
1 0.331250 0.581019 0.059375 0.102778
2 0.526302 0.600926 0.050521 0.092593
1 0.665625 0.770370 0.042708 0.079630
2 0.523177 0.686111 0.048438 0.083333
0 0.518750 0.720833 0.081250 0.219444
0 0.317969 0.716204 0.097396 0.260185
1 0.043750 0.540741 0.084375 0.138889
0 0.667188 0.727778 0.066667 0.192593
1 0.316146 0.679167 0.060417 0.102778
2 0.027865 0.781481 0.054688 0.135185
1 0.050781 0.657407 0.074479 0.124074
0 0.051562 0.705093 0.102083 0.315741
