1 0.411458 0.419907 0.053125 0.091667
2 0.160677 0.630556 0.070312 0.112963
2 0.407552 0.596296 0.048438 0.083333
2 0.571875 0.571759 0.043750 0.078704
0 0.166406 0.564815 0.099479 0.277778
1 0.159375 0.413889 0.078125 0.131481
2 0.582031 0.417130 0.047396 0.084259
0 0.700260 0.513426 0.061979 0.171296
2 0.575000 0.494444 0.042708 0.075926
1 0.405208 0.510648 0.053125 0.095370
1 0.696875 0.554167 0.038542 0.069444
0 0.408073 0.540741 0.076563 0.227778
0 0.575781 0.525463 0.069271 0.195370
1 0.178906 0.519907 0.063021 0.106481
