2 0.378125 0.583333 0.053125 0.094444
2 0.765625 0.558333 0.050000 0.087037
1 0.161719 0.591204 0.058854 0.106481
2 0.777344 0.394907 0.055729 0.091667
1 0.150000 0.396759 0.065625 0.108333
1 0.595573 0.397685 0.051562 0.089815
2 0.588802 0.572222 0.045312 0.079630
1 0.379948 0.398611 0.057813 0.102778
1 0.588802 0.487037 0.048438 0.090741
0 0.147135 0.534259 0.103646 0.253704
0 0.769792 0.511574 0.078125 0.204630
0 0.382812 0.526852 0.080208 0.240741
0 0.591667 0.518056 0.073958 0.219444
2 0.769792 0.476389 0.050000 0.082407
1 0.390885 0.492130 0.051562 0.089815
0 0.928906 0.505093 0.085938 0.195370
2 0.134115 0.503241 0.067187 0.095370
1 0.923177 0.547685 0.050521 0.086111
