2 0.736719 0.399537 0.049479 0.084259
1 0.162500 0.573611 0.057292 0.100926
2 0.725000 0.549074 0.044792 0.079630
0 0.570833 0.509722 0.069792 0.202778
2 0.373698 0.567130 0.051562 0.087963
1 0.376823 0.392130 0.054688 0.099074
2 0.567969 0.557870 0.043229 0.075000
1 0.567708 0.479630 0.044792 0.081481
1 0.575000 0.397222 0.046875 0.085185
1 0.153125 0.385185 0.061458 0.101852
0 0.377865 0.513426 0.075521 0.225000
0 0.147656 0.517130 0.093229 0.249074
0 0.728906 0.504167 0.070312 0.187963
0 0.863281 0.501389 0.074479 0.175000
2 0.729688 0.474074 0.043750 0.075926
1 0.860156 0.538889 0.043229 0.072222
2 0.139583 0.482407 0.065625 0.105556
1 0.387500 0.479167 0.050000 0.086111
