2 0.801042 0.464815 0.044792 0.074074
1 0.638802 0.486111 0.044271 0.077778
1 0.286198 0.596759 0.045312 0.084259
1 0.642708 0.407870 0.046875 0.080556
2 0.797917 0.537963 0.045833 0.077778
1 0.461198 0.423611 0.048438 0.087963
2 0.640365 0.557870 0.041146 0.071296
2 0.462500 0.579167 0.044792 0.078704
2 0.804948 0.391204 0.049479 0.082407
0 0.948958 0.477778 0.073958 0.174074
0 0.800260 0.493056 0.066146 0.182407
1 0.276302 0.436574 0.048438 0.084259
0 0.640885 0.513426 0.063021 0.189815
0 0.464062 0.528704 0.065625 0.198148
1 0.946094 0.518519 0.047396 0.077778
0 0.274740 0.548611 0.077604 0.210185
1 0.471875 0.498148 0.044792 0.077778
2 0.267188 0.519444 0.052083 0.088889
