0 0.744010 0.494444 0.059896 0.153704
1 0.281250 0.356019 0.050000 0.086111
1 0.279427 0.520370 0.051562 0.083333
2 0.741927 0.531944 0.038021 0.063889
2 0.750260 0.406019 0.041146 0.069444
0 0.463021 0.477315 0.063542 0.191667
2 0.613542 0.531944 0.037500 0.063889
0 0.617969 0.489352 0.059896 0.171296
1 0.622656 0.395370 0.041146 0.066667
0 0.274740 0.465741 0.076563 0.211111
1 0.465625 0.376389 0.047917 0.086111
2 0.458333 0.525926 0.044792 0.077778
2 0.745313 0.471296 0.037500 0.061111
2 0.266667 0.440278 0.054167 0.091667
1 0.847135 0.532407 0.036979 0.061111
0 0.849219 0.500926 0.060937 0.144444
1 0.617708 0.462037 0.037500 0.066667
1 0.469271 0.456019 0.042708 0.067593
