0 0.329688 0.479630 0.077083 0.222222
1 0.323177 0.442130 0.052604 0.093519
2 0.539583 0.368519 0.057292 0.098148
2 0.115625 0.512037 0.058333 0.090741
2 0.528125 0.545833 0.052083 0.093519
2 0.336198 0.531481 0.047396 0.083333
1 0.132292 0.422685 0.055208 0.089815
1 0.758333 0.384722 0.058333 0.097222
2 0.540625 0.459259 0.051042 0.087037
1 0.733333 0.565278 0.054167 0.089815
0 0.741927 0.512500 0.095312 0.226852
0 0.534635 0.494907 0.081771 0.221296
0 0.120573 0.453704 0.086979 0.224074
1 0.739323 0.475463 0.056771 0.093519
