2 0.550521 0.337500 0.053125 0.093519
2 0.553125 0.423148 0.047917 0.081481
1 0.747396 0.349074 0.052083 0.088889
2 0.541927 0.505556 0.048438 0.085185
0 0.181510 0.408796 0.075521 0.200926
1 0.028646 0.436111 0.046875 0.077778
0 0.547917 0.455556 0.076042 0.211111
2 0.178125 0.460648 0.046875 0.076852
1 0.744010 0.531019 0.050521 0.086111
0 0.360156 0.434259 0.069271 0.201852
2 0.367448 0.483333 0.043229 0.075926
1 0.750000 0.442130 0.055208 0.093519
0 0.749219 0.479630 0.088021 0.216667
1 0.354427 0.401389 0.047396 0.082407
0 0.032813 0.390278 0.063542 0.184259
1 0.191406 0.381481 0.045312 0.079630
1 0.024479 0.289815 0.046875 0.087037
2 0.018229 0.367593 0.035417 0.079630
