0 0.710677 0.487500 0.067187 0.187963
2 0.716927 0.383333 0.048438 0.079630
0 0.179948 0.442593 0.072396 0.187037
2 0.540625 0.522685 0.042708 0.069444
2 0.354427 0.506944 0.045312 0.075000
0 0.884115 0.501389 0.077604 0.187963
2 0.707812 0.533333 0.047917 0.079630
1 0.879427 0.549074 0.047396 0.075926
1 0.886198 0.398148 0.051562 0.077778
1 0.883854 0.471759 0.050000 0.078704
0 0.535677 0.473611 0.065104 0.187963
1 0.190885 0.345370 0.048438 0.083333
1 0.189062 0.492593 0.045833 0.077778
2 0.715104 0.459259 0.045833 0.074074
2 0.174740 0.421296 0.047396 0.079630
0 0.359635 0.457407 0.065104 0.190741
1 0.535677 0.447685 0.044271 0.075000
1 0.368229 0.434259 0.041667 0.075926
