1 0.180208 0.580556 0.052083 0.092593
2 0.766146 0.603241 0.053125 0.087963
2 0.375000 0.592593 0.051042 0.088889
2 0.778125 0.437963 0.055208 0.092593
1 0.945573 0.612500 0.054688 0.084259
1 0.953125 0.446296 0.059375 0.087037
1 0.181510 0.406481 0.056771 0.096296
1 0.390625 0.506481 0.047917 0.083333
0 0.170573 0.526389 0.084896 0.223148
2 0.585938 0.599537 0.048958 0.086111
0 0.771094 0.556019 0.082812 0.212037
1 0.379948 0.418056 0.054688 0.089815
0 0.950260 0.565278 0.089063 0.204630
1 0.953125 0.528704 0.058333 0.088889
0 0.379427 0.537037 0.074479 0.216667
0 0.582812 0.546759 0.073958 0.213889
2 0.161719 0.493981 0.058854 0.097222
2 0.773177 0.521296 0.053646 0.083333
