1 0.839583 0.386574 0.052083 0.082407
2 0.253125 0.547222 0.060417 0.100000
0 0.834635 0.499537 0.083854 0.195370
0 0.258333 0.484259 0.088542 0.261111
1 0.254948 0.348611 0.067187 0.108333
0 0.676562 0.494444 0.081250 0.207407
2 0.678125 0.456944 0.051042 0.086111
1 0.829948 0.544907 0.047396 0.078704
1 0.016406 0.543981 0.031771 0.121296
1 0.018750 0.331944 0.036458 0.117593
2 0.492188 0.546759 0.048958 0.089815
1 0.839063 0.464352 0.051042 0.082407
0 0.490365 0.490278 0.075521 0.230556
0 0.022135 0.472685 0.042188 0.267593
2 0.673698 0.545370 0.050521 0.088889
1 0.270573 0.447685 0.055729 0.093519
