0 0.568229 0.655556 0.062500 0.192593
2 0.572656 0.621759 0.043229 0.073148
2 0.190625 0.690278 0.053125 0.084259
2 0.403125 0.618056 0.047917 0.082407
1 0.723698 0.561574 0.042188 0.071296
2 0.389323 0.696296 0.044271 0.077778
2 0.565625 0.699537 0.043750 0.078704
1 0.718229 0.704630 0.040625 0.070370
0 0.396354 0.647685 0.072917 0.199074
0 0.196875 0.637037 0.081250 0.207407
1 0.721875 0.631944 0.041667 0.071296
0 0.720313 0.661574 0.061458 0.178704
1 0.198958 0.524537 0.054167 0.093519
1 0.211198 0.606481 0.044271 0.081481
