2 0.458073 0.597222 0.047396 0.081481
2 0.031510 0.538889 0.060937 0.096296
0 0.462760 0.554630 0.075521 0.203704
0 0.049219 0.478704 0.093229 0.238889
2 0.261979 0.572685 0.051042 0.084259
0 0.272135 0.520833 0.082812 0.215741
2 0.280729 0.491204 0.053125 0.084259
1 0.633854 0.476389 0.042708 0.073148
1 0.041927 0.356944 0.070312 0.108333
0 0.626563 0.576852 0.065625 0.187037
1 0.627344 0.549537 0.044271 0.075000
1 0.621354 0.624537 0.039583 0.069444
2 0.468750 0.519907 0.045833 0.076852
1 0.056510 0.451852 0.058854 0.094444
