0 0.739844 0.400000 0.068687 0.209259 
0 0.128125 0.341204 0.091919 0.227778 
0 0.548958 0.380093 0.072222 0.214815 
2 0.547135 0.437963 0.052604 0.087037 
1 0.740625 0.287037 0.051562 0.080556 
2 0.119271 0.400000 0.062500 0.092593 
2 0.339323 0.421296 0.052083 0.084259 
0 0.347917 0.365278 0.076263 0.208333 
2 0.554427 0.356944 0.050000 0.081481 
1 0.141667 0.317130 0.053125 0.088889 
1 0.123438 0.222222 0.064062 0.107407 
2 0.355469 0.343981 0.054688 0.090741 
1 0.735938 0.454630 0.047396 0.078704 
1 0.738542 0.369444 0.050000 0.086111 
