0 0.753646 0.378704 0.080808 0.223148 
2 0.751042 0.432870 0.062500 0.098148 
1 0.985938 0.431481 0.027604 0.101852 
2 0.760417 0.342130 0.059375 0.094444 
2 0.193490 0.373148 0.050000 0.079630 
1 0.208333 0.301852 0.043229 0.075926 
1 0.351042 0.285185 0.046354 0.089815 
2 0.546875 0.361574 0.050521 0.087037 
2 0.533333 0.440741 0.047917 0.080556 
0 0.352865 0.384259 0.068687 0.197222 
2 0.348438 0.438426 0.048958 0.078704 
0 0.199740 0.393056 0.068687 0.174074 
1 0.984896 0.331944 0.029687 0.108333 
1 0.204427 0.440278 0.044792 0.071296 
0 0.979948 0.364352 0.036869 0.250000 
1 0.987500 0.229167 0.022917 0.097222 
1 0.363281 0.365278 0.042188 0.073148 
0 0.541927 0.387500 0.066162 0.190741 
