0 0.282552 0.378241 0.071717 0.202778 
0 0.111979 0.386111 0.076263 0.188889 
1 0.905729 0.250926 0.061979 0.096296 
0 0.902604 0.374537 0.084848 0.231481 
2 0.277604 0.436111 0.052604 0.081481 
2 0.677083 0.434722 0.057813 0.091667 
2 0.683854 0.347222 0.053646 0.087037 
1 0.900521 0.439352 0.061979 0.091667 
0 0.680469 0.379630 0.076768 0.212037 
1 0.119531 0.287037 0.050521 0.082407 
1 0.117969 0.436574 0.050521 0.076852 
2 0.468229 0.439815 0.048438 0.080556 
2 0.482031 0.360185 0.051042 0.089815 
1 0.278646 0.277315 0.050000 0.089815 
2 0.104427 0.362500 0.054688 0.083333 
1 0.293229 0.359722 0.044792 0.080556 
1 0.902344 0.345833 0.066667 0.102778 
0 0.476302 0.385648 0.067677 0.189815 
