0 0.282813 0.377778 0.072727 0.203704 
0 0.112240 0.386574 0.076263 0.188889 
0 0.680469 0.378704 0.075253 0.218519 
2 0.677083 0.435185 0.057813 0.093519 
1 0.905729 0.250926 0.062500 0.096296 
0 0.902865 0.374537 0.084343 0.229630 
2 0.277604 0.435648 0.053125 0.081481 
1 0.900260 0.438889 0.062500 0.091667 
1 0.119792 0.287500 0.050521 0.082407 
2 0.468229 0.439352 0.048438 0.080556 
1 0.117969 0.436574 0.050521 0.075926 
1 0.278646 0.277315 0.050000 0.088889 
2 0.683594 0.344907 0.055208 0.095370 
2 0.482292 0.360648 0.050521 0.088889 
2 0.104688 0.362500 0.054688 0.083333 
1 0.293750 0.359259 0.044792 0.080556 
1 0.902604 0.344907 0.066146 0.101852 
0 0.476302 0.386111 0.068182 0.187963 
