0 0.748177 0.571759 0.053030 0.150926 
0 0.326042 0.613889 0.055051 0.147222 
2 0.604427 0.626389 0.034896 0.060185 
1 0.598437 0.506944 0.035937 0.060185 
2 0.746875 0.608796 0.039583 0.063889 
0 0.906771 0.551389 0.061111 0.161111 
0 0.458073 0.600926 0.053535 0.150926 
2 0.321354 0.594444 0.036979 0.060185 
1 0.463802 0.639352 0.032292 0.059259 
1 0.901563 0.593519 0.040625 0.065741 
2 0.594010 0.569444 0.035417 0.062037 
1 0.453125 0.577315 0.036458 0.061111 
2 0.330729 0.651852 0.034896 0.058333 
2 0.911458 0.527778 0.046354 0.072222 
0 0.598958 0.590278 0.053535 0.153704 
1 0.750521 0.543056 0.039062 0.062963 
