0 0.532813 0.592593 0.053030 0.154630 
2 0.538281 0.630556 0.034375 0.061111 
0 0.674479 0.571296 0.052020 0.151852 
2 0.672656 0.607870 0.038021 0.062963 
1 0.390625 0.652315 0.036458 0.064815 
1 0.532031 0.506944 0.036458 0.062037 
0 0.809896 0.547222 0.052020 0.147222 
1 0.807031 0.585648 0.035937 0.060185 
2 0.234115 0.675463 0.041146 0.066667 
0 0.385417 0.611574 0.057576 0.167593 
1 0.379948 0.586111 0.039062 0.066667 
0 0.230208 0.633796 0.066162 0.162963 
2 0.527604 0.569907 0.035417 0.062037 
1 0.677083 0.542593 0.036458 0.061111 
2 0.222656 0.617593 0.041667 0.069444 
2 0.813281 0.525463 0.040104 0.064815 
