0 0.433073 0.601389 0.053030 0.149074 
2 0.437760 0.639815 0.033333 0.061111 
0 0.671354 0.553704 0.042929 0.125000 
2 0.428646 0.583796 0.035937 0.062037 
0 0.097396 0.664352 0.069192 0.184259 
0 0.560156 0.575926 0.043939 0.135185 
2 0.558854 0.610185 0.031771 0.055556 
1 0.668490 0.586574 0.028646 0.050000 
1 0.431250 0.518519 0.035417 0.059259 
1 0.274479 0.604167 0.043750 0.075000 
1 0.285677 0.672222 0.038542 0.067593 
0 0.278646 0.628704 0.062626 0.171296 
2 0.093229 0.711111 0.051562 0.081481 
1 0.563021 0.550463 0.030729 0.052778 
2 0.673698 0.531944 0.031250 0.052778 
