2 0.338021 0.528241 0.041146 0.068519 
2 0.148958 0.687037 0.049479 0.082407 
0 0.482292 0.609722 0.051010 0.151852 
2 0.606510 0.630093 0.033333 0.058333 
1 0.329427 0.597685 0.042708 0.074074 
1 0.484115 0.525926 0.036979 0.062963 
1 0.337240 0.666667 0.040104 0.069444 
0 0.152083 0.641204 0.070202 0.188889 
0 0.333333 0.622685 0.061616 0.175926 
0 0.609896 0.595370 0.046465 0.141667 
0 0.716927 0.581944 0.044949 0.133333 
2 0.486979 0.648148 0.034375 0.061111 
2 0.720313 0.562963 0.033333 0.055556 
2 0.479687 0.588889 0.034375 0.060185 
1 0.713802 0.616204 0.031771 0.054630 
1 0.612240 0.570833 0.033333 0.057407 
