1 0.365104 0.692593 0.040625 0.073148 
0 0.360938 0.646296 0.063636 0.187963 
2 0.165625 0.719444 0.051562 0.087037 
0 0.650260 0.614352 0.053535 0.151852 
0 0.764062 0.595833 0.049495 0.137963 
2 0.362760 0.546296 0.042708 0.074074 
0 0.168229 0.669907 0.077273 0.210185 
0 0.520573 0.631019 0.058081 0.163889 
2 0.766927 0.571759 0.036979 0.061111 
2 0.524740 0.671296 0.036979 0.063889 
1 0.355208 0.620833 0.044271 0.075926 
2 0.648958 0.650000 0.035937 0.061111 
1 0.517969 0.539815 0.039062 0.067593 
1 0.654167 0.583796 0.039062 0.063889 
2 0.515885 0.609722 0.039062 0.066667 
1 0.761198 0.631481 0.032813 0.054630 
