0 0.427865 0.601389 0.067187 0.202778
2 0.223698 0.673148 0.052604 0.090741
1 0.432031 0.650000 0.044271 0.077778
2 0.605208 0.631019 0.040625 0.071296
0 0.753646 0.568056 0.060417 0.175000
2 0.430729 0.491204 0.045833 0.078704
2 0.895052 0.526389 0.047396 0.073148
1 0.422135 0.569444 0.047396 0.083333
1 0.600260 0.482870 0.044271 0.075000
2 0.749740 0.608796 0.043229 0.071296
0 0.228906 0.621296 0.079687 0.214815
0 0.890104 0.552778 0.064583 0.164815
2 0.596875 0.561111 0.044792 0.077778
1 0.758073 0.538426 0.043229 0.071296
1 0.885156 0.593981 0.042188 0.067593
0 0.600781 0.583796 0.061979 0.184259
