2 0.442708 0.695370 0.055729 0.097222 
2 0.425000 0.507407 0.056250 0.097222 
2 0.184375 0.532407 0.069792 0.115741 
1 0.815365 0.603704 0.050521 0.087963 
2 0.636979 0.645833 0.054167 0.093519 
0 0.178385 0.682407 0.105051 0.287037 
2 0.423177 0.606944 0.059896 0.102778 
1 0.191667 0.751389 0.063021 0.114815 
0 0.432031 0.635648 0.084343 0.240741 
1 0.642708 0.550926 0.051562 0.087963 
0 0.810156 0.551852 0.071717 0.201852 
0 0.640365 0.593981 0.073232 0.212963 
1 0.169010 0.645833 0.073958 0.116667 
