1 0.890365 0.621296 0.052604 0.087963 
2 0.534635 0.706019 0.050521 0.090741 
2 0.308854 0.556019 0.058854 0.099074 
1 0.315104 0.749074 0.055208 0.102778 
1 0.297396 0.653241 0.060937 0.102778 
2 0.062760 0.800463 0.073438 0.118519 
0 0.719010 0.607870 0.072727 0.218519 
2 0.715104 0.660185 0.051562 0.088889 
2 0.520573 0.531944 0.050521 0.091667 
0 0.306510 0.689815 0.089394 0.254630 
0 0.062500 0.735648 0.103535 0.280556 
0 0.886458 0.572685 0.078788 0.205556 
0 0.525260 0.650000 0.079798 0.228704 
1 0.721094 0.572685 0.052083 0.087963 
2 0.516927 0.622685 0.053125 0.088889 
1 0.056771 0.681944 0.075521 0.115741 
