0 0.647135 0.573148 0.062626 0.194444 
1 0.816146 0.604167 0.044792 0.076852 
2 0.480208 0.640278 0.041667 0.075926 
2 0.646354 0.622222 0.045312 0.076852 
2 0.473438 0.490741 0.045312 0.078704 
1 0.652083 0.538889 0.045312 0.077778 
1 0.279687 0.574537 0.052083 0.086111 
0 0.816146 0.559259 0.066162 0.183333 
1 0.295312 0.653241 0.043229 0.081481 
2 0.290365 0.493056 0.048438 0.085185 
0 0.288542 0.602778 0.074747 0.208333 
2 0.466406 0.568056 0.048958 0.078704 
0 0.472396 0.590278 0.068182 0.191667 
0 0.094531 0.620370 0.077778 0.212037 
2 0.089323 0.672685 0.055208 0.086111 
1 0.099740 0.583333 0.053646 0.088889 
