2 0.439583 0.477315 0.042188 0.074074 
2 0.277865 0.464815 0.043750 0.074074 
2 0.440104 0.612963 0.039062 0.068519 
2 0.429167 0.546296 0.042188 0.070370 
0 0.764062 0.575000 0.063131 0.175926 
1 0.276302 0.606481 0.040625 0.071296 
1 0.765625 0.616204 0.045833 0.075926 
0 0.271354 0.559259 0.061616 0.184259 
2 0.597396 0.615278 0.043229 0.075000 
0 0.600521 0.569907 0.060606 0.185185 
0 0.434375 0.569444 0.059091 0.173148 
2 0.105729 0.601852 0.046875 0.071296 
1 0.265104 0.535185 0.043229 0.073148 
1 0.604167 0.540741 0.043229 0.074074 
0 0.111198 0.558796 0.062626 0.173148 
1 0.115885 0.529630 0.045833 0.074074 
