0 0.831250 0.527778 0.076768 0.202778 
1 0.833594 0.574537 0.052083 0.086111 
2 0.638281 0.575000 0.045312 0.077778 
0 0.640885 0.529167 0.064646 0.191667 
1 0.644531 0.493981 0.046354 0.078704 
2 0.466146 0.433796 0.042708 0.076852 
2 0.303906 0.427778 0.044271 0.076852 
2 0.470573 0.575000 0.039583 0.072222 
1 0.306510 0.570370 0.038021 0.071296 
0 0.300000 0.524537 0.063636 0.180556 
0 0.463542 0.528704 0.062121 0.178704 
2 0.150521 0.566667 0.043750 0.067593 
2 0.457031 0.506481 0.041667 0.070370 
1 0.294271 0.499074 0.044271 0.071296 
1 0.155990 0.495833 0.043750 0.072222 
0 0.153385 0.522685 0.063636 0.174074 
2 0.159635 0.408333 0.044792 0.079630 
