1 0.753125 0.587963 0.045312 0.077778 
0 0.754687 0.546759 0.065657 0.179630 
2 0.278906 0.427315 0.042188 0.072222 
1 0.276823 0.559259 0.037500 0.065741 
0 0.421875 0.526852 0.058081 0.167593 
2 0.426563 0.440278 0.040104 0.068519 
0 0.273177 0.515741 0.058586 0.168519 
2 0.578906 0.579630 0.042188 0.071296 
2 0.426823 0.570370 0.039062 0.064815 
2 0.415104 0.506944 0.039062 0.069444 
2 0.133333 0.549074 0.041146 0.064815 
0 0.137240 0.505093 0.056566 0.155556 
0 0.582292 0.536111 0.062121 0.173148 
1 0.584375 0.503704 0.044271 0.070370 
1 0.266927 0.492593 0.040625 0.067593 
1 0.139844 0.481019 0.040625 0.066667 
