2 0.286458 0.362037 0.040104 0.071296 
2 0.436979 0.487500 0.037500 0.062963 
1 0.289844 0.490278 0.035417 0.063889 
2 0.432031 0.361111 0.040104 0.070370 
0 0.752604 0.431481 0.061616 0.174074 
2 0.583854 0.482407 0.041146 0.069444 
0 0.282813 0.447222 0.058081 0.162037 
0 0.430208 0.446296 0.057576 0.160185 
1 0.752865 0.473611 0.045312 0.075000 
0 0.585417 0.439815 0.056566 0.165741 
2 0.148958 0.493519 0.040625 0.062963 
0 0.149479 0.450000 0.058081 0.158333 
2 0.424219 0.428241 0.041146 0.067593 
1 0.152083 0.428704 0.042188 0.067593 
1 0.278125 0.427315 0.041146 0.066667 
1 0.588021 0.411574 0.040625 0.067593 
2 0.149479 0.355093 0.039583 0.071296 
