2 0.530469 0.419907 0.039062 0.068519 
0 0.531250 0.504630 0.057071 0.162963 
0 0.383073 0.514352 0.055556 0.158333 
2 0.385417 0.428704 0.038021 0.067593 
2 0.688021 0.531944 0.042708 0.069444 
0 0.690365 0.488426 0.058081 0.169444 
1 0.389583 0.555093 0.036458 0.063889 
0 0.860677 0.472685 0.065657 0.177778 
2 0.536198 0.545370 0.038021 0.065741 
0 0.247917 0.526389 0.052525 0.153704 
1 0.863281 0.516204 0.048438 0.076852 
1 0.692187 0.458333 0.040625 0.069444 
2 0.524479 0.487037 0.038542 0.064815 
1 0.378385 0.492130 0.038021 0.062963 
2 0.245833 0.565741 0.038021 0.062963 
1 0.251563 0.501389 0.038021 0.063889 
