2 0.537500 0.422685 0.041146 0.069444 
0 0.703125 0.482407 0.059596 0.171296 
2 0.382552 0.444444 0.042708 0.069444 
0 0.871354 0.446759 0.066162 0.175000 
2 0.547917 0.553241 0.039062 0.066667 
0 0.540365 0.511574 0.061616 0.165741 
0 0.232552 0.562963 0.062626 0.174074 
2 0.701823 0.523611 0.042188 0.068519 
1 0.871094 0.488889 0.046354 0.077778 
1 0.390625 0.579630 0.038542 0.066667 
1 0.377083 0.512500 0.041667 0.068519 
2 0.230469 0.607407 0.042708 0.066667 
2 0.534635 0.491204 0.040625 0.067593 
0 0.384375 0.536574 0.064646 0.175000 
1 0.236198 0.535185 0.040104 0.070370 
1 0.704427 0.449537 0.043750 0.071296 
