2 0.585156 0.426852 0.040104 0.068519 
2 0.591406 0.556019 0.038542 0.066667 
0 0.899219 0.483333 0.059091 0.164815 
2 0.739844 0.540278 0.042188 0.067593 
0 0.744010 0.502315 0.055051 0.158333 
0 0.585677 0.513889 0.058081 0.164815 
2 0.265885 0.577778 0.041667 0.069444 
2 0.429948 0.431019 0.040104 0.070370 
1 0.433854 0.566204 0.036458 0.065741 
0 0.268229 0.535185 0.060101 0.168519 
1 0.747656 0.471296 0.040104 0.067593 
2 0.579948 0.492593 0.039062 0.063889 
0 0.427344 0.522222 0.060606 0.171296 
1 0.899219 0.525926 0.042188 0.071296 
1 0.420573 0.499537 0.040625 0.068519 
1 0.273438 0.507870 0.041146 0.073148 
