2 0.579688 0.459259 0.036979 0.063889 
0 0.729427 0.544907 0.055556 0.156481 
0 0.879427 0.533333 0.059596 0.155556 
2 0.734635 0.582870 0.035937 0.061111 
0 0.577865 0.545370 0.056061 0.157407 
1 0.583594 0.587037 0.034375 0.061111 
2 0.726823 0.463426 0.043229 0.073148 
2 0.874740 0.575000 0.041146 0.063889 
0 0.428906 0.549074 0.052525 0.163889 
2 0.725781 0.526389 0.038542 0.061111 
2 0.425521 0.592593 0.036458 0.062037 
1 0.432552 0.518056 0.037500 0.070370 
1 0.574479 0.520833 0.039583 0.062963 
1 0.883594 0.504630 0.045833 0.066667 
