2 0.708594 0.507870 0.033854 0.056481 
1 0.457552 0.529167 0.035417 0.060185 
2 0.455990 0.412037 0.034896 0.060185 
0 0.825781 0.462963 0.046970 0.132407 
2 0.592708 0.520370 0.033333 0.055556 
0 0.309896 0.501852 0.056566 0.161111 
0 0.453646 0.491204 0.049495 0.150926 
1 0.450260 0.472222 0.035417 0.060185 
2 0.306510 0.542593 0.040104 0.063889 
0 0.712500 0.472685 0.046465 0.132407 
0 0.589063 0.484259 0.048485 0.137037 
1 0.714844 0.449074 0.033333 0.056481 
2 0.586979 0.410185 0.034375 0.061111 
1 0.824479 0.495370 0.033333 0.056481 
1 0.315104 0.475000 0.040104 0.070370 
2 0.584635 0.468981 0.034375 0.056481 
