0 0.853646 0.450926 0.047475 0.131481 
1 0.488021 0.506019 0.032292 0.055556 
1 0.853646 0.482870 0.032813 0.055556 
2 0.488542 0.394907 0.033333 0.060185 
0 0.614323 0.467130 0.045960 0.129630 
2 0.610417 0.448611 0.031771 0.052778 
2 0.615625 0.398148 0.033333 0.058333 
0 0.485938 0.470370 0.046970 0.137963 
2 0.617969 0.500463 0.030729 0.051852 
2 0.733333 0.491667 0.031771 0.051852 
0 0.736979 0.459722 0.043939 0.126852 
1 0.482031 0.451852 0.033333 0.057407 
1 0.740104 0.436574 0.032813 0.056481 
1 0.358073 0.450000 0.037500 0.065741 
0 0.352604 0.471296 0.049495 0.150000 
2 0.346615 0.513426 0.035937 0.059259 
