1 0.323177 0.676852 0.039583 0.072222 
2 0.661458 0.682870 0.051562 0.089815 
2 0.482292 0.681944 0.041667 0.075926 
2 0.479427 0.535648 0.043229 0.076852 
0 0.186719 0.632407 0.056566 0.158333 
2 0.468750 0.611111 0.043750 0.076852 
2 0.325260 0.536111 0.043229 0.075000 
0 0.319792 0.633333 0.059091 0.175926 
0 0.875000 0.626852 0.091919 0.231481 
2 0.183594 0.674074 0.040625 0.066667 
0 0.660156 0.635185 0.073232 0.202778 
1 0.190885 0.604167 0.041667 0.066667 
1 0.314323 0.606944 0.042708 0.072222 
0 0.475781 0.635185 0.063131 0.190741 
