2 0.644271 0.646759 0.043750 0.075926 
1 0.467708 0.652778 0.041146 0.075000 
2 0.632031 0.572685 0.045833 0.077778 
2 0.466406 0.501852 0.043229 0.074074 
0 0.463542 0.605093 0.063636 0.191667 
0 0.815625 0.590741 0.065657 0.187963 
1 0.816406 0.636574 0.047396 0.076852 
0 0.638802 0.600926 0.063636 0.189815 
0 0.980469 0.577315 0.036364 0.197222 
1 0.812500 0.559259 0.049479 0.080556 
2 0.289323 0.662037 0.044792 0.075926 
2 0.986979 0.623611 0.025521 0.086111 
0 0.296094 0.613426 0.065657 0.187963 
1 0.300000 0.581944 0.044271 0.080556 
2 0.320833 0.506944 0.039062 0.067593 
1 0.456510 0.576389 0.045312 0.077778 
