2 0.394271 0.526852 0.047396 0.082407 
1 0.397135 0.687500 0.043750 0.079630 
0 0.726302 0.593981 0.061111 0.181481 
0 0.865625 0.573148 0.065152 0.169444 
0 0.194271 0.661574 0.077273 0.216667 
2 0.574479 0.664352 0.040625 0.073148 
2 0.188021 0.715741 0.054688 0.088889 
1 0.726042 0.638889 0.041146 0.072222 
0 0.567708 0.618981 0.064646 0.184259 
2 0.868490 0.615741 0.045312 0.073148 
0 0.392188 0.637963 0.067677 0.200926 
2 0.563542 0.590278 0.045833 0.075926 
1 0.385937 0.607407 0.047396 0.082407 
1 0.722917 0.566204 0.044792 0.073148 
1 0.202083 0.624074 0.048958 0.089815 
2 0.067969 0.693056 0.043229 0.073148 
