1 0.347396 0.645833 0.040104 0.073148 
0 0.658594 0.568519 0.056566 0.162963 
0 0.342969 0.597685 0.063636 0.194444 
0 0.794792 0.552315 0.056061 0.158333 
2 0.342969 0.497222 0.044271 0.075000 
1 0.659896 0.610185 0.037500 0.064815 
2 0.796875 0.592593 0.040104 0.067593 
0 0.509115 0.584722 0.058081 0.169444 
0 0.157292 0.615741 0.070707 0.200926 
2 0.514062 0.627315 0.038021 0.066667 
1 0.163802 0.581944 0.046354 0.082407 
2 0.502083 0.560185 0.041146 0.072222 
2 0.152344 0.665741 0.049479 0.079630 
2 0.049219 0.646296 0.042708 0.071296 
1 0.336458 0.574537 0.046354 0.076852 
1 0.655208 0.542593 0.041146 0.070370 
