2 0.395573 0.448148 0.041667 0.072222 
0 0.869792 0.478704 0.063131 0.167593 
1 0.401042 0.584722 0.036979 0.067593 
2 0.871354 0.520370 0.047396 0.074074 
0 0.393750 0.541204 0.059596 0.172222 
0 0.554167 0.524537 0.060101 0.167593 
0 0.712500 0.500463 0.057071 0.166667 
2 0.548438 0.499537 0.039583 0.068519 
0 0.232813 0.558796 0.063636 0.184259 
2 0.560937 0.565741 0.038542 0.066667 
2 0.229427 0.606481 0.043750 0.071296 
1 0.714063 0.543519 0.039583 0.065741 
1 0.236719 0.531944 0.042188 0.074074 
1 0.709896 0.476852 0.041667 0.069444 
1 0.387760 0.517130 0.042188 0.070370 
2 0.152083 0.590741 0.033333 0.062037 
