0 0.783594 0.557407 0.063636 0.168519 
0 0.157031 0.639352 0.064141 0.175926 
1 0.325000 0.663426 0.039583 0.068519 
0 0.631250 0.582407 0.056061 0.164815 
2 0.321875 0.527315 0.041146 0.071296 
1 0.313021 0.595833 0.041667 0.069444 
1 0.635156 0.623148 0.039062 0.065741 
2 0.785677 0.600463 0.044271 0.071296 
1 0.628385 0.557407 0.041667 0.069444 
0 0.477604 0.603241 0.058586 0.162037 
2 0.153646 0.685185 0.045312 0.072222 
2 0.484635 0.643981 0.038021 0.066667 
0 0.319010 0.618981 0.061616 0.173148 
2 0.472396 0.582870 0.039583 0.069444 
1 0.163021 0.609722 0.042708 0.070370 
2 0.087240 0.669444 0.036458 0.062037 
