1 0.341146 0.598611 0.037500 0.065741 
0 0.799219 0.481019 0.061111 0.170370 
2 0.334635 0.466204 0.040104 0.067593 
1 0.641667 0.552778 0.039062 0.066667 
2 0.491406 0.575926 0.037500 0.065741 
2 0.478646 0.514815 0.038542 0.069444 
1 0.327865 0.534259 0.039583 0.065741 
0 0.484375 0.534722 0.062121 0.168519 
1 0.634896 0.484259 0.040625 0.068519 
0 0.333854 0.556019 0.060101 0.168519 
0 0.638542 0.508333 0.060101 0.168519 
0 0.191927 0.577778 0.056061 0.166667 
2 0.800521 0.525463 0.045833 0.074074 
1 0.194531 0.551852 0.038542 0.063889 
2 0.189323 0.619907 0.039583 0.065741 
2 0.138281 0.604167 0.032813 0.060185 
