2 0.300000 0.537963 0.041667 0.072222 
2 0.445833 0.598148 0.041146 0.070370 
0 0.790885 0.596296 0.066162 0.186111 
2 0.792708 0.642593 0.049479 0.078704 
1 0.302083 0.672685 0.037500 0.067593 
0 0.296094 0.628241 0.059091 0.170370 
1 0.617448 0.654630 0.042188 0.071296 
2 0.458854 0.664352 0.039583 0.067593 
1 0.609896 0.581481 0.042708 0.073148 
0 0.614583 0.610185 0.060101 0.180556 
1 0.290104 0.604630 0.041146 0.068519 
0 0.453385 0.620370 0.061111 0.173148 
0 0.149219 0.634259 0.063636 0.167593 
1 0.155990 0.609722 0.041667 0.069444 
2 0.149740 0.680093 0.042708 0.066667 
