1 0.620052 0.684259 0.043750 0.077778 
0 0.804948 0.600463 0.083333 0.205556 
1 0.298438 0.737963 0.039583 0.069444 
2 0.807292 0.648611 0.054167 0.087037 
0 0.291927 0.692593 0.068687 0.181481 
2 0.436979 0.646296 0.042188 0.075000 
0 0.613542 0.638889 0.075253 0.199074 
2 0.453646 0.713889 0.039583 0.072222 
2 0.290104 0.594907 0.043750 0.075000 
0 0.445052 0.668056 0.068687 0.183333 
1 0.607031 0.607870 0.046875 0.079630 
1 0.284896 0.669444 0.043750 0.074074 
1 0.155208 0.693056 0.040104 0.069444 
0 0.149740 0.719907 0.066667 0.164815 
2 0.150000 0.761111 0.045312 0.068519 
