2 0.797917 0.596759 0.054167 0.087963 
1 0.606510 0.601852 0.044271 0.074074 
2 0.157812 0.482870 0.042188 0.069444 
1 0.294792 0.605556 0.036979 0.066667 
0 0.798698 0.547222 0.074242 0.209259 
0 0.602865 0.556944 0.063131 0.189815 
2 0.443229 0.605093 0.036979 0.068519 
0 0.163281 0.566204 0.057576 0.153704 
0 0.435156 0.560648 0.059596 0.173148 
1 0.598698 0.525926 0.045833 0.076852 
1 0.283854 0.537037 0.042188 0.068519 
2 0.429427 0.536111 0.042188 0.069444 
0 0.288802 0.564352 0.057576 0.166667 
1 0.167969 0.542593 0.039583 0.064815 
2 0.161979 0.606019 0.039583 0.062037 
