1 0.521354 0.607870 0.042708 0.075000 
2 0.692708 0.591667 0.047396 0.080556 
1 0.171875 0.637963 0.045833 0.080556 
0 0.517448 0.560648 0.062121 0.191667 
1 0.512760 0.533333 0.044271 0.075000 
0 0.342448 0.576852 0.065152 0.189815 
2 0.334896 0.552315 0.046354 0.078704 
0 0.162240 0.589352 0.074242 0.199074 
2 0.350521 0.625463 0.042708 0.075926 
0 0.690625 0.546296 0.062626 0.187963 
1 0.154948 0.558333 0.051562 0.082407 
2 0.017969 0.456944 0.034896 0.106481 
2 0.004687 0.653704 0.009375 0.080556 
0 0.013021 0.600926 0.022222 0.202778 
1 0.008594 0.571296 0.017188 0.080556 
