1 0.280990 0.650000 0.043750 0.078704 
2 0.460677 0.641204 0.043750 0.078704 
0 0.639062 0.575463 0.067677 0.206481 
0 0.832031 0.559722 0.074242 0.210185 
1 0.641146 0.627315 0.047917 0.082407 
0 0.271875 0.602778 0.071212 0.201852 
2 0.834896 0.611111 0.054167 0.087963 
2 0.095052 0.510185 0.053125 0.084259 
1 0.633594 0.544907 0.047917 0.081481 
1 0.265365 0.569907 0.048438 0.082407 
0 0.453385 0.589815 0.069697 0.202778 
0 0.100521 0.611111 0.082323 0.195370 
2 0.446354 0.566204 0.047396 0.082407 
1 0.111458 0.583796 0.051042 0.081481 
2 0.101302 0.662963 0.052604 0.078704 
