1 0.265885 0.692130 0.045833 0.081481 
2 0.453125 0.680556 0.042188 0.077778 
0 0.785156 0.602778 0.062626 0.180556 
1 0.617708 0.587037 0.044271 0.075926 
2 0.054948 0.709259 0.057813 0.089815 
0 0.620833 0.617593 0.060606 0.189815 
1 0.622396 0.664352 0.042708 0.075926 
2 0.786198 0.648148 0.047396 0.080556 
1 0.252344 0.609259 0.051042 0.085185 
1 0.069271 0.620833 0.054688 0.089815 
2 0.440885 0.604630 0.046354 0.080556 
0 0.259635 0.642593 0.072222 0.210185 
0 0.446354 0.631481 0.066667 0.194444 
2 0.052083 0.539815 0.058333 0.091667 
0 0.060417 0.656481 0.083838 0.220370 
