1 0.403906 0.527778 0.046875 0.082407 
1 0.418750 0.605093 0.043229 0.075926 
2 0.578125 0.509259 0.043229 0.076852 
1 0.234115 0.555093 0.046875 0.081481 
2 0.225781 0.638889 0.048958 0.082407 
0 0.896354 0.477778 0.065657 0.176852 
1 0.745313 0.551389 0.041146 0.069444 
2 0.590365 0.578704 0.040625 0.070370 
0 0.744271 0.506481 0.061111 0.175000 
0 0.409635 0.550463 0.071717 0.214815 
0 0.227604 0.587037 0.081313 0.208333 
2 0.897917 0.521759 0.047396 0.075926 
2 0.213281 0.481019 0.051042 0.087963 
0 0.583594 0.535185 0.063636 0.184259 
1 0.740104 0.479167 0.043750 0.074074 
2 0.123698 0.607870 0.039583 0.067593 
0 0.120573 0.629630 0.050505 0.124074 
