1 0.412760 0.581019 0.045312 0.081481 
1 0.236458 0.579167 0.046354 0.083333 
2 0.220052 0.500000 0.053125 0.087037 
2 0.221615 0.664815 0.050000 0.085185 
2 0.588802 0.590741 0.042188 0.073148 
0 0.417969 0.613889 0.064141 0.200926 
1 0.423177 0.661574 0.043750 0.080556 
2 0.598177 0.664352 0.040625 0.074074 
0 0.754167 0.614352 0.062626 0.181481 
0 0.227865 0.612037 0.074242 0.210185 
1 0.753125 0.585648 0.043229 0.074074 
2 0.110677 0.602315 0.043229 0.071296 
2 0.902083 0.656019 0.045833 0.073148 
0 0.593490 0.620833 0.060606 0.178704 
0 0.903906 0.610185 0.066667 0.178704 
1 0.751823 0.660185 0.039583 0.069444 
1 0.097917 0.659722 0.039062 0.052778 
0 0.104948 0.627778 0.054040 0.125926 
