1 0.266667 0.655093 0.046354 0.082407 
2 0.615625 0.718981 0.039062 0.068519 
1 0.449219 0.727315 0.041667 0.078704 
1 0.439323 0.649537 0.043750 0.078704 
2 0.253385 0.740278 0.048958 0.082407 
2 0.251563 0.580093 0.051562 0.086111 
1 0.759115 0.639352 0.042188 0.070370 
1 0.757292 0.706944 0.039062 0.066667 
0 0.758594 0.665741 0.059091 0.172222 
2 0.606771 0.649074 0.041146 0.069444 
2 0.128385 0.680093 0.042708 0.068519 
0 0.258333 0.687963 0.074242 0.213889 
0 0.444531 0.681019 0.062626 0.197222 
0 0.611719 0.675926 0.059091 0.181481 
2 0.895052 0.698148 0.044792 0.072222 
0 0.894792 0.655556 0.065657 0.161111 
0 0.122396 0.710185 0.057071 0.130556 
1 0.116146 0.742593 0.041667 0.059259 
