1 0.440104 0.706481 0.044271 0.080556 
1 0.265104 0.721296 0.045833 0.084259 
2 0.245312 0.649074 0.053646 0.091667 
0 0.759635 0.701852 0.061616 0.177778 
1 0.758854 0.744444 0.039583 0.067593 
2 0.607292 0.693981 0.040625 0.067593 
1 0.451302 0.784722 0.041667 0.075926 
2 0.619271 0.765278 0.039062 0.068519 
2 0.252604 0.811111 0.048958 0.086111 
0 0.256250 0.758333 0.076768 0.216667 
0 0.613542 0.721759 0.059596 0.177778 
2 0.117448 0.755093 0.045312 0.073148 
1 0.757552 0.675000 0.042708 0.069444 
0 0.446354 0.738889 0.063636 0.196296 
2 0.892708 0.725000 0.043229 0.068519 
0 0.891406 0.689352 0.066162 0.160185 
