1 0.290365 0.738426 0.046354 0.084259 
1 0.464323 0.723148 0.044792 0.081481 
2 0.278906 0.828704 0.050521 0.085185 
2 0.273438 0.667593 0.050000 0.086111 
2 0.645052 0.781481 0.040625 0.070370 
0 0.790365 0.716204 0.057071 0.171296 
0 0.282292 0.774537 0.071717 0.217593 
0 0.929427 0.696759 0.061616 0.167593 
2 0.634375 0.713426 0.041667 0.075000 
1 0.787760 0.691667 0.044271 0.073148 
2 0.931250 0.741204 0.045312 0.069444 
0 0.469271 0.753241 0.060606 0.198148 
0 0.639844 0.737037 0.058081 0.180556 
1 0.475260 0.801852 0.042188 0.076852 
1 0.789583 0.760648 0.039583 0.066667 
2 0.148177 0.772685 0.042188 0.072222 
0 0.146354 0.799074 0.050000 0.125926 
