0 0.658333 0.746296 0.060606 0.184259 
2 0.297656 0.827778 0.048958 0.086111 
2 0.664583 0.790278 0.040625 0.072222 
1 0.482292 0.726389 0.046354 0.081481 
0 0.813281 0.729167 0.062626 0.181481 
1 0.309115 0.740741 0.047396 0.084259 
1 0.491927 0.806481 0.044792 0.081481 
0 0.301042 0.775926 0.070202 0.212037 
2 0.292969 0.664352 0.050521 0.086111 
2 0.171875 0.767130 0.041146 0.068519 
2 0.961979 0.754630 0.048958 0.077778 
0 0.487760 0.759259 0.063131 0.203704 
0 0.960677 0.712500 0.067677 0.172222 
1 0.812500 0.771759 0.042708 0.072222 
2 0.653906 0.718981 0.042188 0.075000 
1 0.811458 0.699537 0.046354 0.074074 
0 0.166146 0.812037 0.053535 0.112037 
1 0.160417 0.832407 0.041667 0.062963 
