1 0.534635 0.621759 0.045312 0.080556 
1 0.876563 0.551852 0.049479 0.080556 
1 0.366146 0.655093 0.046354 0.081481 
0 0.715885 0.617130 0.066162 0.188889 
0 0.540885 0.650463 0.072222 0.207407 
2 0.710417 0.591667 0.043229 0.073148 
2 0.360156 0.740741 0.047396 0.081481 
2 0.723437 0.661574 0.043750 0.075000 
1 0.548698 0.697222 0.044271 0.078704 
1 0.879687 0.623611 0.046875 0.074074 
0 0.878906 0.577778 0.071212 0.193519 
2 0.345573 0.583796 0.049479 0.085185 
0 0.359896 0.688889 0.075253 0.209259 
2 0.236979 0.697222 0.039062 0.066667 
1 0.232292 0.759259 0.038542 0.062037 
0 0.233854 0.744907 0.051515 0.112037 
2 0.142969 0.515278 0.049479 0.076852 
