1 0.328125 0.531481 0.044792 0.079630 
1 0.506250 0.601389 0.041146 0.073148 
2 0.316927 0.614352 0.046354 0.078704 
0 0.672135 0.550926 0.061111 0.177778 
1 0.497917 0.524537 0.043750 0.076852 
2 0.675000 0.594444 0.039062 0.069444 
0 0.502604 0.556019 0.062121 0.190741 
2 0.667448 0.523148 0.041667 0.074074 
1 0.823698 0.512500 0.044271 0.073148 
1 0.820573 0.582870 0.040625 0.068519 
0 0.320312 0.561574 0.073737 0.206481 
0 0.823438 0.539815 0.064141 0.175926 
2 0.968229 0.572222 0.050000 0.075000 
2 0.311719 0.458333 0.053125 0.090741 
2 0.192448 0.560648 0.040625 0.069444 
0 0.966667 0.533333 0.062121 0.160185 
0 0.188802 0.587037 0.053030 0.135185 
1 0.183333 0.617130 0.039062 0.057407 
