2 0.152865 0.641204 0.057813 0.091667
1 0.367188 0.610648 0.044792 0.080556
1 0.164583 0.549537 0.055208 0.091667
1 0.357031 0.532870 0.047396 0.082407
2 0.532031 0.588889 0.038021 0.066667
2 0.142969 0.470833 0.061979 0.100926
0 0.775521 0.514815 0.051042 0.146296
0 0.661198 0.530556 0.050521 0.155556
1 0.661458 0.506481 0.037500 0.062963
0 0.361979 0.562037 0.066667 0.203704
0 0.527344 0.547222 0.055729 0.170370
1 0.660156 0.569444 0.036979 0.062963
2 0.774219 0.552778 0.036979 0.062963
0 0.156250 0.583796 0.085417 0.228704
2 0.523698 0.524074 0.039062 0.070370
