1 0.241667 0.552315 0.044792 0.084259 
2 0.222917 0.478704 0.057292 0.096296 
0 0.425521 0.566667 0.064141 0.199074 
0 0.730990 0.529630 0.057071 0.166667 
0 0.589323 0.553704 0.057576 0.166667 
2 0.856510 0.552778 0.040625 0.064815 
0 0.233594 0.585648 0.080808 0.220370 
2 0.592187 0.594444 0.034896 0.062963 
1 0.419531 0.534259 0.042188 0.081481 
1 0.730208 0.502315 0.039583 0.066667 
2 0.584635 0.524074 0.038542 0.064815 
1 0.429688 0.613889 0.036979 0.072222 
2 0.230208 0.640278 0.046354 0.081481 
1 0.729427 0.572685 0.034896 0.060185 
0 0.859115 0.514815 0.063636 0.153704 
2 0.095312 0.593056 0.046875 0.072222 
