0 0.618490 0.499074 0.061616 0.175000 
1 0.777344 0.519907 0.040625 0.066667 
1 0.457552 0.557870 0.040104 0.073148 
1 0.445052 0.486111 0.044271 0.079630 
2 0.624740 0.541204 0.039583 0.068519 
0 0.276562 0.532407 0.073737 0.190741 
0 0.779687 0.477315 0.062121 0.178704 
2 0.275260 0.582407 0.044792 0.075926 
2 0.613281 0.474074 0.041667 0.071296 
1 0.284635 0.501852 0.041146 0.075926 
1 0.776563 0.450926 0.044271 0.074074 
2 0.935156 0.499537 0.048958 0.077778 
2 0.264062 0.435185 0.048438 0.084259 
0 0.450000 0.512037 0.066667 0.195370 
0 0.934375 0.458796 0.067172 0.172222 
2 0.177083 0.548148 0.034896 0.062037 
