2 0.670312 0.526389 0.040625 0.071296 
0 0.665104 0.482407 0.062626 0.177778 
2 0.312760 0.397222 0.045833 0.079630 
0 0.320573 0.495370 0.067172 0.190741 
1 0.498698 0.534722 0.038542 0.070370 
1 0.327604 0.467130 0.042708 0.076852 
2 0.317969 0.545370 0.043750 0.074074 
1 0.831771 0.515741 0.043750 0.071296 
0 0.834115 0.467130 0.070202 0.191667 
0 0.492969 0.487500 0.059596 0.186111 
2 0.660677 0.454630 0.045833 0.075000 
1 0.488802 0.458796 0.044792 0.076852 
0 0.982552 0.455556 0.031818 0.187963 
1 0.830469 0.442593 0.048438 0.079630 
2 0.987240 0.504167 0.023958 0.082407 
2 0.220312 0.516667 0.035417 0.061111 
2 0.741146 0.328704 0.056771 0.117593 
