2 0.589844 0.528704 0.042708 0.075000 
2 0.884115 0.587500 0.044271 0.072222 
1 0.432812 0.598611 0.042708 0.075000 
0 0.592708 0.552778 0.059091 0.175926 
2 0.240365 0.449537 0.050000 0.084259 
2 0.242969 0.601852 0.047917 0.078704 
2 0.597917 0.597222 0.039583 0.070370 
0 0.427604 0.552315 0.063131 0.192593 
0 0.744010 0.549074 0.058081 0.169444 
0 0.246875 0.554167 0.068182 0.195370 
0 0.883854 0.546296 0.059596 0.162963 
1 0.256510 0.523148 0.044792 0.079630 
1 0.742969 0.592130 0.040625 0.067593 
1 0.423438 0.523148 0.045833 0.081481 
2 0.131510 0.570833 0.039583 0.068519 
1 0.742708 0.524074 0.043229 0.071296 
