0 0.219271 0.563889 0.069697 0.197222 
1 0.405990 0.604167 0.042188 0.073148 
2 0.570052 0.598611 0.039062 0.067593 
0 0.564844 0.555093 0.057576 0.169444 
2 0.211719 0.461111 0.048958 0.087037 
2 0.214583 0.614352 0.048958 0.081481 
1 0.396875 0.530556 0.044792 0.079630 
0 0.713281 0.547685 0.051515 0.162037 
2 0.561719 0.530556 0.041667 0.070370 
0 0.401042 0.559722 0.062121 0.189815 
1 0.227865 0.536111 0.045833 0.079630 
2 0.848698 0.579630 0.042188 0.069444 
0 0.848437 0.541667 0.055051 0.155556 
1 0.712760 0.587963 0.039583 0.067593 
2 0.102083 0.587037 0.040104 0.066667 
1 0.711458 0.523148 0.040625 0.068519 
