0 0.672917 0.506481 0.054545 0.161111 
0 0.519531 0.518981 0.056061 0.163889 
2 0.168229 0.434259 0.050000 0.081481 
0 0.816146 0.494444 0.054040 0.155556 
2 0.174219 0.584259 0.048958 0.076852 
2 0.524740 0.560648 0.038021 0.065741 
1 0.360417 0.571296 0.040625 0.073148 
2 0.815625 0.534722 0.041146 0.068519 
0 0.353385 0.525463 0.063636 0.183333 
0 0.177344 0.534259 0.072222 0.186111 
1 0.347656 0.496296 0.044271 0.076852 
1 0.672656 0.547685 0.039062 0.065741 
1 0.185677 0.506019 0.045833 0.076852 
2 0.513802 0.493981 0.040104 0.068519 
2 0.081510 0.562500 0.039062 0.065741 
1 0.671094 0.482870 0.039583 0.066667 
