1 0.530990 0.616667 0.036979 0.063889 
2 0.015104 0.660185 0.029167 0.080556 
2 0.667448 0.605556 0.039062 0.066667 
0 0.529687 0.576852 0.050505 0.160185 
1 0.211198 0.641667 0.042188 0.076852 
0 0.666927 0.565741 0.052020 0.156481 
0 0.025781 0.609259 0.048485 0.210185 
1 0.527604 0.551389 0.038542 0.065741 
0 0.203385 0.596296 0.065657 0.186111 
1 0.198177 0.567130 0.047396 0.077778 
1 0.022656 0.576389 0.044792 0.086111 
2 0.013542 0.500000 0.027083 0.093519 
0 0.368229 0.582870 0.071717 0.174074 
2 0.382292 0.630556 0.040104 0.067593 
