0 0.969531 0.500000 0.055051 0.218519 
0 0.580208 0.506944 0.071212 0.183333 
2 0.975781 0.553704 0.047396 0.095370 
0 0.756771 0.506944 0.069697 0.196296 
1 0.427083 0.552778 0.035417 0.066667 
0 0.420833 0.509722 0.055556 0.164815 
1 0.753385 0.475926 0.049479 0.082407 
1 0.760156 0.556944 0.048438 0.079630 
2 0.582812 0.553704 0.044792 0.073148 
1 0.415885 0.483796 0.040625 0.067593 
0 0.291927 0.508796 0.058586 0.150926 
2 0.289583 0.425463 0.040625 0.073148 
1 0.297917 0.488889 0.038542 0.062963 
2 0.292448 0.550000 0.039583 0.062963 
2 0.573438 0.486574 0.052083 0.081481 
