2 0.852604 0.595833 0.054688 0.085185 
1 0.354427 0.598148 0.036458 0.065741 
0 0.659896 0.554630 0.063636 0.185185 
1 0.664844 0.601852 0.039583 0.069444 
0 0.853906 0.549074 0.075758 0.200926 
1 0.657552 0.524537 0.044792 0.076852 
0 0.218229 0.555556 0.063636 0.151852 
2 0.504948 0.598148 0.041146 0.068519 
2 0.217448 0.473611 0.040625 0.068519 
0 0.348698 0.553704 0.057576 0.170370 
1 0.226042 0.534259 0.038021 0.063889 
0 0.504427 0.553241 0.073232 0.173148 
2 0.219792 0.597222 0.037500 0.062037 
1 0.344010 0.530093 0.041146 0.069444 
2 0.495573 0.531481 0.050000 0.071296 
