2 0.716927 0.548611 0.045833 0.077778 
1 0.244792 0.552315 0.038021 0.066667 
2 0.094271 0.422222 0.045312 0.073148 
1 0.550000 0.552778 0.038021 0.067593 
0 0.547656 0.508796 0.056061 0.170370 
0 0.716927 0.505093 0.062626 0.181481 
2 0.396354 0.553241 0.039062 0.064815 
0 0.239844 0.509259 0.059596 0.168519 
2 0.383333 0.487500 0.040104 0.067593 
0 0.394792 0.507870 0.064141 0.168519 
1 0.543229 0.480556 0.040625 0.072222 
1 0.235417 0.483796 0.044271 0.072222 
0 0.097656 0.508796 0.069192 0.162963 
2 0.097917 0.552315 0.042708 0.064815 
1 0.106250 0.487037 0.042708 0.069444 
