2 0.163021 0.425463 0.050000 0.078704 
2 0.160417 0.562963 0.047396 0.071296 
1 0.503906 0.567593 0.041146 0.070370 
0 0.167448 0.516204 0.070707 0.178704 
1 0.504167 0.430556 0.042708 0.076852 
0 0.506771 0.524074 0.060606 0.175000 
1 0.511719 0.502315 0.041667 0.065741 
2 0.010156 0.558796 0.019271 0.067593 
2 0.177083 0.497685 0.046875 0.071296 
0 0.348438 0.519907 0.064141 0.168519 
0 0.013542 0.515278 0.024242 0.173148 
1 0.343229 0.567593 0.041667 0.068519 
2 0.347656 0.496296 0.043750 0.074074 
