2 0.179427 0.425463 0.054167 0.094444 
2 0.540365 0.510648 0.039583 0.070370 
1 0.678646 0.570833 0.036979 0.063889 
0 0.680990 0.531481 0.053535 0.159259 
0 0.186979 0.537037 0.077273 0.210185 
2 0.181771 0.590278 0.052604 0.086111 
1 0.383854 0.581944 0.042708 0.075000 
2 0.546354 0.576852 0.038542 0.066667 
0 0.544271 0.533333 0.056061 0.170370 
1 0.376302 0.504630 0.045312 0.079630 
1 0.681510 0.506019 0.039062 0.063889 
0 0.801302 0.528241 0.052525 0.145370 
0 0.378385 0.533796 0.066162 0.199074 
2 0.801302 0.564352 0.037500 0.062963 
1 0.197135 0.503704 0.048958 0.082407 
2 0.045052 0.553241 0.044792 0.075000 
