0 0.729167 0.537037 0.052525 0.162037 
0 0.851823 0.530093 0.056061 0.150000 
2 0.233854 0.602315 0.051042 0.084259 
1 0.433073 0.593056 0.043750 0.077778 
1 0.727604 0.577778 0.037500 0.065741 
2 0.230208 0.436574 0.051562 0.087963 
2 0.595313 0.586574 0.039062 0.067593 
1 0.246615 0.517130 0.050000 0.085185 
1 0.424219 0.515741 0.045833 0.080556 
0 0.428906 0.546296 0.064646 0.191667 
2 0.588021 0.518519 0.041146 0.071296 
0 0.236979 0.548611 0.074242 0.212037 
0 0.590625 0.541204 0.057576 0.171296 
2 0.090625 0.564815 0.044792 0.072222 
1 0.729427 0.513426 0.040104 0.066667 
2 0.851042 0.569444 0.040104 0.063889 
0 0.085156 0.595370 0.057071 0.113889 
