0 0.495312 0.571759 0.071212 0.200926 
2 0.877604 0.612500 0.052083 0.079630 
1 0.502865 0.538426 0.045312 0.079630 
2 0.492188 0.619907 0.046875 0.081481 
0 0.872917 0.559722 0.072727 0.203704 
1 0.688021 0.616667 0.047396 0.079630 
2 0.869531 0.534259 0.054167 0.085185 
0 0.684115 0.566667 0.068182 0.206481 
2 0.488021 0.463889 0.046354 0.087037 
1 0.679167 0.533796 0.050000 0.085185 
2 0.354687 0.580556 0.035937 0.063889 
1 0.348698 0.638889 0.032292 0.056481 
0 0.353385 0.618981 0.046465 0.124074 
