2 0.813542 0.396296 0.050521 0.086111 
2 0.421875 0.393056 0.054688 0.093519 
1 0.642708 0.514815 0.049479 0.083333 
0 0.816667 0.419907 0.069192 0.208333 
2 0.820573 0.470370 0.047396 0.079630 
2 0.437240 0.567130 0.053646 0.090741 
0 0.637240 0.465741 0.075758 0.213889 
1 0.443490 0.473611 0.052604 0.090741 
0 0.971354 0.378704 0.054040 0.200000 
0 0.438542 0.511574 0.080303 0.225926 
1 0.974479 0.428704 0.047396 0.078704 
2 0.267969 0.552778 0.041667 0.074074 
1 0.630990 0.431944 0.053125 0.087963 
1 0.975521 0.350926 0.047396 0.088889 
1 0.266406 0.625000 0.034375 0.074074 
