2 0.259375 0.640278 0.071354 0.123148 
2 0.234115 0.410185 0.074479 0.123148 
0 0.257552 0.563426 0.107071 0.301852 
1 0.263281 0.515278 0.071875 0.117593 
0 0.491146 0.486111 0.092929 0.238889 
1 0.496094 0.543981 0.051042 0.092593 
0 0.843490 0.354630 0.057071 0.153704 
2 0.645052 0.405556 0.045833 0.081481 
2 0.846875 0.394444 0.040104 0.064815 
0 0.647656 0.432407 0.064141 0.198148 
2 0.651042 0.480556 0.042188 0.076852 
1 0.757812 0.434259 0.038542 0.065741 
0 0.759115 0.391204 0.057576 0.175926 
1 0.759896 0.364352 0.042188 0.071296 
1 0.484375 0.449537 0.056771 0.097222 
2 0.008073 0.656481 0.015104 0.112037 
