1 0.679167 0.577778 0.065625 0.111111 
2 0.952344 0.575000 0.084896 0.128704 
1 0.197135 0.572685 0.061979 0.107407 
0 0.428125 0.508796 0.093434 0.265741 
0 0.187240 0.508333 0.095960 0.265741 
2 0.435156 0.575926 0.061458 0.108333 
0 0.678646 0.510185 0.091414 0.280556 
1 0.673698 0.463889 0.070312 0.117593 
0 0.947396 0.504167 0.101515 0.294444 
1 0.177865 0.466667 0.066146 0.107407 
2 0.421354 0.476389 0.072917 0.111111 
1 0.008333 0.466667 0.016146 0.087037 
0 0.010156 0.513889 0.019192 0.241667 
2 0.003385 0.564352 0.006771 0.092593 
