1 0.617969 0.600463 0.055729 0.095370 
1 0.616146 0.501852 0.057292 0.098148 
1 0.194531 0.550926 0.054688 0.096296 
0 0.849740 0.564815 0.097980 0.250926 
0 0.403906 0.513889 0.086869 0.242593 
2 0.405469 0.576389 0.052604 0.093519 
0 0.618750 0.542593 0.081313 0.245370 
0 0.186719 0.490741 0.081313 0.236111 
2 0.846094 0.623611 0.069271 0.111111 
0 0.019531 0.470370 0.037879 0.221296 
1 0.179688 0.452778 0.060417 0.101852 
2 0.398958 0.482870 0.063021 0.099074 
2 0.008594 0.527315 0.016146 0.092593 
1 0.015885 0.435185 0.031771 0.088889 
2 0.005990 0.351852 0.011458 0.087037 
