1 0.597656 0.563889 0.046875 0.081481 
2 0.802344 0.588889 0.058854 0.096296 
0 0.597917 0.513889 0.068182 0.207407 
1 0.244531 0.515278 0.043229 0.075926 
0 0.240365 0.467130 0.068182 0.192593 
0 0.412500 0.488426 0.068182 0.198148 
1 0.594271 0.479167 0.048958 0.086111 
0 0.803646 0.537963 0.090404 0.221296 
2 0.405469 0.462037 0.047917 0.079630 
0 0.088021 0.446759 0.068687 0.181481 
2 0.416667 0.540278 0.042708 0.075926 
1 0.235156 0.434259 0.048958 0.079630 
2 0.083333 0.491667 0.047396 0.074074 
1 0.094271 0.418056 0.049479 0.078704 
