2 0.881510 0.525926 0.069271 0.105556 
0 0.881771 0.462037 0.091919 0.249074 
2 0.659375 0.525463 0.059375 0.099074 
2 0.414583 0.516667 0.065104 0.109259 
1 0.658854 0.329630 0.060937 0.111111 
2 0.422917 0.307407 0.063542 0.113889 
2 0.164583 0.516667 0.070833 0.109259 
0 0.173437 0.450926 0.097980 0.253704 
2 0.187240 0.422685 0.065104 0.103704 
0 0.415885 0.451389 0.084343 0.258333 
1 0.164844 0.312963 0.070312 0.111111 
0 0.652083 0.461111 0.086364 0.249074 
1 0.417708 0.413426 0.058333 0.098148 
1 0.641406 0.432407 0.054688 0.097222 
