2 0.703125 0.518981 0.055729 0.088889 
2 0.495573 0.514815 0.058333 0.098148 
0 0.492969 0.457407 0.079293 0.230556 
2 0.491406 0.327315 0.059375 0.108333 
2 0.260937 0.512963 0.063021 0.101852 
0 0.883594 0.467593 0.078283 0.209259 
0 0.268750 0.450000 0.091414 0.248148 
1 0.262240 0.325000 0.064062 0.111111 
1 0.030208 0.508796 0.058854 0.108333 
1 0.885938 0.356944 0.054167 0.086111 
0 0.700521 0.457870 0.075758 0.228704 
1 0.877604 0.523611 0.051562 0.079630 
2 0.280990 0.427778 0.058854 0.096296 
2 0.885938 0.443056 0.059375 0.098148 
1 0.493490 0.424074 0.052083 0.090741 
