2 0.472135 0.513889 0.056771 0.097222 
2 0.466667 0.328704 0.057813 0.103704 
0 0.468750 0.456944 0.076768 0.228704 
2 0.671875 0.518056 0.051042 0.084259 
1 0.837760 0.363426 0.049479 0.080556 
0 0.241146 0.450926 0.094444 0.251852 
2 0.234896 0.513889 0.065625 0.104630 
0 0.836719 0.467593 0.069697 0.199074 
0 0.669271 0.463889 0.068687 0.207407 
2 0.838021 0.445833 0.053646 0.090741 
1 0.234635 0.323611 0.064583 0.113889 
2 0.253385 0.425000 0.059375 0.098148 
0 0.015365 0.448148 0.029798 0.265741 
1 0.832292 0.521296 0.048438 0.075926 
1 0.469271 0.423611 0.053646 0.091667 
1 0.011719 0.512963 0.023438 0.115741 
