2 0.472135 0.513426 0.056771 0.097222 
2 0.466406 0.328241 0.058333 0.103704 
2 0.235417 0.513889 0.066667 0.104630 
2 0.671875 0.517593 0.051042 0.084259 
1 0.838021 0.363426 0.049479 0.080556 
0 0.243229 0.449074 0.092424 0.252778 
0 0.669531 0.463889 0.068687 0.208333 
0 0.836719 0.467593 0.070202 0.198148 
2 0.838281 0.445833 0.054167 0.090741 
0 0.469531 0.457407 0.075253 0.227778 
1 0.234896 0.322685 0.063542 0.113889 
2 0.253385 0.425000 0.059375 0.099074 
0 0.015104 0.450000 0.029293 0.264815 
1 0.469792 0.423148 0.053125 0.090741 
1 0.831771 0.520833 0.048438 0.075000 
1 0.011719 0.512037 0.022917 0.119444 
