2 0.472135 0.513426 0.056771 0.097222 
2 0.466406 0.328704 0.058333 0.103704 
2 0.235417 0.513889 0.066667 0.104630 
2 0.671875 0.517593 0.051042 0.085185 
1 0.838021 0.363426 0.049479 0.080556 
0 0.243490 0.449537 0.092424 0.251852 
0 0.669531 0.464352 0.068687 0.208333 
0 0.836719 0.467593 0.069697 0.198148 
2 0.838021 0.445833 0.053646 0.090741 
0 0.469531 0.456481 0.075758 0.229630 
1 0.234635 0.322685 0.064062 0.107407 
2 0.253385 0.424537 0.058854 0.099074 
1 0.470052 0.423148 0.053125 0.087963 
1 0.832031 0.520833 0.048438 0.075000 
0 0.015104 0.448611 0.029293 0.262963 
1 0.011979 0.511574 0.023438 0.117593 
