2 0.493750 0.526389 0.080729 0.141667 
1 0.494531 0.271759 0.077083 0.137963 
0 0.702083 0.458796 0.087879 0.258333 
2 0.707552 0.520833 0.064583 0.109259 
0 0.826823 0.468519 0.077778 0.200000 
2 0.819271 0.438889 0.056250 0.090741 
2 0.834635 0.521296 0.055208 0.080556 
1 0.694271 0.413889 0.057292 0.101852 
1 0.923698 0.517593 0.043750 0.071296 
0 0.919792 0.471759 0.065657 0.172222 
2 0.501042 0.404167 0.075000 0.111111 
1 0.924479 0.379630 0.048958 0.075926 
1 0.911719 0.448148 0.045312 0.067593 
0 0.499740 0.449537 0.113636 0.319444 
0 0.115104 0.532870 0.128283 0.219444 
