2 0.468229 0.372222 0.046354 0.083333 
0 0.663021 0.464815 0.076263 0.225926 
2 0.469271 0.520833 0.045833 0.075926 
1 0.659635 0.527778 0.055208 0.093519 
1 0.920052 0.535648 0.085938 0.130556 
2 0.483594 0.451389 0.044271 0.074074 
0 0.473958 0.469444 0.066162 0.187037 
2 0.346875 0.513889 0.039062 0.064815 
1 0.920573 0.307870 0.085938 0.135185 
0 0.344792 0.473148 0.056566 0.158333 
0 0.925000 0.469907 0.111616 0.273148 
1 0.935677 0.430093 0.087500 0.122222 
2 0.556510 0.503241 0.044792 0.110185 
2 0.664583 0.437037 0.053646 0.087037 
