2 0.404427 0.512037 0.055208 0.092593 
1 0.407292 0.337037 0.052083 0.097222 
2 0.174479 0.511574 0.063542 0.095370 
0 0.784375 0.466204 0.072222 0.205556 
2 0.607292 0.517593 0.049479 0.082407 
0 0.181510 0.453241 0.093434 0.232407 
0 0.601823 0.465278 0.073232 0.207407 
1 0.792708 0.360185 0.052604 0.087963 
1 0.789323 0.518981 0.051562 0.083333 
1 0.175000 0.336574 0.060937 0.101852 
2 0.595313 0.437500 0.050521 0.089815 
0 0.400521 0.453704 0.077778 0.231481 
1 0.396354 0.426389 0.052083 0.087037 
1 0.775260 0.441667 0.048438 0.081481 
2 0.194271 0.427778 0.057292 0.094444 
