2 0.034896 0.513889 0.067187 0.103704 
2 0.496875 0.517130 0.052083 0.087037 
2 0.278646 0.512500 0.060937 0.098148 
0 0.046875 0.449537 0.089394 0.242593 
1 0.034115 0.330556 0.066146 0.112037 
0 0.491146 0.461111 0.074242 0.214815 
0 0.687240 0.461574 0.076768 0.214815 
0 0.275000 0.452315 0.085354 0.236111 
1 0.692187 0.517593 0.053646 0.089815 
1 0.280990 0.329630 0.058333 0.100000 
1 0.693490 0.352778 0.052604 0.093519 
2 0.054688 0.425463 0.064583 0.101852 
2 0.485417 0.434259 0.052083 0.095370 
1 0.677083 0.437037 0.048958 0.086111 
1 0.272135 0.424537 0.058854 0.088889 
