1 0.804427 0.309259 0.073958 0.125000 
2 0.556510 0.515741 0.055208 0.090741 
2 0.365885 0.506944 0.051042 0.084259 
2 0.214323 0.506019 0.048438 0.073148 
0 0.552083 0.457870 0.080303 0.227778 
0 0.795052 0.450926 0.098485 0.268519 
1 0.213542 0.366667 0.045833 0.078704 
1 0.553906 0.332870 0.056250 0.101852 
2 0.547135 0.431481 0.055729 0.094444 
2 0.228906 0.440278 0.046354 0.075926 
1 0.785677 0.421759 0.067187 0.106481 
1 0.801042 0.520833 0.069792 0.113889 
0 0.219792 0.459259 0.069192 0.177778 
0 0.364323 0.460185 0.063131 0.193519 
2 0.110937 0.500463 0.054167 0.076852 
0 0.106510 0.460185 0.068182 0.161111 
1 0.365104 0.425000 0.048438 0.076852 
