2 0.385156 0.522685 0.045833 0.077778 
1 0.808594 0.334259 0.070833 0.119444 
1 0.804688 0.535185 0.069271 0.106481 
2 0.386719 0.370833 0.049479 0.085185 
0 0.391667 0.471759 0.070707 0.193519 
0 0.810417 0.471759 0.096465 0.256481 
2 0.245573 0.518056 0.045312 0.071296 
2 0.400000 0.452315 0.045833 0.076852 
0 0.244792 0.470833 0.060101 0.175000 
0 0.583333 0.474537 0.077778 0.213889 
1 0.578906 0.529167 0.052083 0.087037 
1 0.818750 0.443519 0.063542 0.094444 
2 0.584635 0.442130 0.054167 0.083333 
