2 0.672917 0.520833 0.054688 0.084259 
2 0.886979 0.525463 0.059896 0.088889 
0 0.680208 0.467130 0.077273 0.208333 
2 0.480208 0.519444 0.049479 0.080556 
0 0.140104 0.466204 0.068687 0.180556 
0 0.882552 0.470833 0.081818 0.212963 
0 0.482292 0.457407 0.071212 0.215741 
2 0.142448 0.439815 0.051562 0.075926 
2 0.671094 0.360648 0.050000 0.087037 
2 0.138021 0.511574 0.048958 0.075000 
2 0.878906 0.439352 0.058333 0.094444 
1 0.670312 0.361574 0.051042 0.085185 
0 0.313021 0.453704 0.072727 0.202778 
2 0.684896 0.440278 0.054688 0.088889 
