2 0.735417 0.522685 0.052604 0.083333 
2 0.540885 0.520833 0.051562 0.082407 
0 0.353125 0.462500 0.078788 0.213889 
0 0.732552 0.470370 0.070707 0.201852 
0 0.543490 0.469444 0.072222 0.197222 
2 0.351562 0.519907 0.055208 0.082407 
0 0.164323 0.462500 0.070707 0.200926 
0 0.008854 0.467593 0.017172 0.184259 
2 0.728906 0.442593 0.051042 0.078704 
2 0.005208 0.433333 0.010417 0.075000 
1 0.539583 0.361574 0.047917 0.077778 
2 0.006771 0.506019 0.012500 0.093519 
2 0.539323 0.362963 0.048958 0.083333 
