2 0.425781 0.517130 0.053125 0.089815 
2 0.790365 0.518519 0.054167 0.079630 
2 0.945052 0.520833 0.057292 0.076852 
0 0.428906 0.458333 0.077273 0.227778 
0 0.794792 0.464815 0.074242 0.201852 
1 0.789062 0.371296 0.045833 0.076852 
0 0.209896 0.446759 0.092929 0.253704 
0 0.945052 0.469444 0.072727 0.194444 
2 0.211979 0.512963 0.063021 0.100926 
2 0.947917 0.382870 0.053646 0.077778 
1 0.211719 0.516667 0.065625 0.104630 
2 0.945573 0.447685 0.053125 0.072222 
1 0.803125 0.440741 0.052083 0.085185 
