2 0.338021 0.515741 0.053646 0.089815 
2 0.736719 0.521759 0.055208 0.086111 
0 0.744271 0.465278 0.078283 0.214815 
2 0.749219 0.437963 0.051562 0.088889 
2 0.926042 0.526389 0.059896 0.083333 
0 0.926823 0.472222 0.075253 0.205556 
0 0.342187 0.453704 0.081313 0.229630 
0 0.545573 0.465741 0.074747 0.218519 
2 0.130469 0.512500 0.056771 0.087037 
0 0.135937 0.459259 0.076768 0.207407 
1 0.547656 0.519444 0.052604 0.087963 
2 0.929167 0.369444 0.055729 0.083333 
1 0.749479 0.438889 0.051562 0.087963 
2 0.547396 0.518519 0.052083 0.087037 
2 0.924219 0.444907 0.055729 0.080556 
