2 0.867708 0.522222 0.054688 0.078704 
2 0.313021 0.515741 0.051042 0.084259 
0 0.867448 0.468981 0.070707 0.195370 
2 0.688542 0.518056 0.050000 0.081481 
0 0.510417 0.470370 0.069697 0.200000 
0 0.317448 0.453704 0.075253 0.228704 
0 0.694271 0.467593 0.067677 0.195370 
2 0.868490 0.374074 0.051042 0.077778 
0 0.120573 0.458333 0.075758 0.201852 
2 0.115104 0.510185 0.054167 0.084259 
2 0.864323 0.444444 0.051562 0.078704 
2 0.510677 0.517130 0.047917 0.081481 
2 0.698698 0.441204 0.047396 0.081481 
1 0.510156 0.518981 0.048958 0.079630 
