0 0.562760 0.465741 0.084848 0.238889 
2 0.557552 0.525000 0.061458 0.100926 
2 0.792448 0.526852 0.065104 0.104630 
0 0.790885 0.465741 0.086869 0.242593 
1 0.797917 0.335648 0.064583 0.103704 
2 0.099479 0.521296 0.069271 0.103704 
0 0.334375 0.460185 0.086364 0.249074 
2 0.336458 0.524074 0.060417 0.102778 
1 0.570052 0.426852 0.059375 0.100926 
1 0.786458 0.429630 0.064583 0.105556 
0 0.103906 0.462963 0.088384 0.234259 
2 0.797656 0.337037 0.063542 0.101852 
2 0.570573 0.427778 0.060417 0.103704 
