0 0.753125 0.470833 0.069192 0.212037 
2 0.755208 0.523611 0.053125 0.082407 
0 0.372656 0.465741 0.074242 0.208333 
2 0.172917 0.517593 0.054688 0.084259 
0 0.567969 0.475000 0.071717 0.189815 
2 0.748958 0.442593 0.050000 0.082407 
2 0.561719 0.520833 0.053125 0.084259 
0 0.177083 0.461574 0.076768 0.213889 
1 0.376823 0.520370 0.050521 0.084259 
2 0.377083 0.520833 0.051042 0.082407 
1 0.573438 0.441204 0.052083 0.085185 
2 0.756250 0.367130 0.048958 0.078704 
0 0.011979 0.465278 0.021212 0.192593 
2 0.007031 0.515741 0.011458 0.083333 
