2 0.748958 0.519444 0.056771 0.087037 
2 0.357031 0.511111 0.051042 0.084259 
2 0.963021 0.525926 0.066146 0.093519 
0 0.757812 0.465278 0.078283 0.214815 
0 0.557292 0.460648 0.075758 0.216667 
0 0.959375 0.468056 0.078283 0.225000 
0 0.361198 0.453704 0.075758 0.225000 
0 0.176823 0.457870 0.068182 0.193519 
2 0.555729 0.514815 0.052083 0.087037 
2 0.966667 0.359259 0.060417 0.097222 
2 0.179167 0.432407 0.050000 0.083333 
2 0.174479 0.508796 0.048958 0.077778 
1 0.180729 0.431481 0.051042 0.081481 
