1 0.630469 0.390278 0.029687 0.049074 
0 0.514583 0.447685 0.038384 0.115741 
0 0.628125 0.449537 0.041414 0.118519 
2 0.740104 0.483333 0.031771 0.051852 
0 0.400521 0.443981 0.039394 0.116667 
2 0.630469 0.481481 0.030208 0.048148 
0 0.741406 0.452778 0.040909 0.125000 
2 0.404427 0.476389 0.030729 0.050000 
1 0.514062 0.478241 0.030208 0.050000 
1 0.516667 0.433333 0.029167 0.047222 
1 0.397396 0.423148 0.030729 0.053704 
0 0.290365 0.442130 0.041414 0.122222 
1 0.287760 0.473148 0.032292 0.049074 
1 0.290104 0.422685 0.031771 0.053704 
