1 0.630729 0.390278 0.030208 0.050000 
0 0.514844 0.448148 0.038384 0.114815 
0 0.628125 0.449537 0.040909 0.118519 
2 0.740104 0.482870 0.031771 0.051852 
2 0.630469 0.481481 0.030208 0.048148 
0 0.400521 0.443981 0.038889 0.115741 
0 0.741667 0.452778 0.040909 0.124074 
1 0.289323 0.420370 0.032813 0.055556 
0 0.288021 0.436574 0.040404 0.124074 
2 0.404427 0.476389 0.030729 0.049074 
1 0.517708 0.435648 0.029167 0.047222 
1 0.397396 0.423148 0.030208 0.052778 
1 0.513802 0.478241 0.030729 0.047222 
1 0.287760 0.473148 0.032813 0.048148 
