1 0.630469 0.389815 0.029687 0.049074 
0 0.514323 0.448611 0.038889 0.113889 
2 0.740104 0.483333 0.031771 0.051852 
0 0.627865 0.450000 0.041414 0.118519 
0 0.741406 0.452778 0.041414 0.123148 
0 0.400521 0.443981 0.039899 0.115741 
2 0.630729 0.481944 0.030208 0.048148 
0 0.290104 0.440278 0.041414 0.125000 
2 0.403906 0.475926 0.031250 0.050000 
1 0.289323 0.419907 0.031771 0.054630 
1 0.288542 0.472222 0.032292 0.049074 
1 0.516406 0.434259 0.028646 0.046296 
1 0.513802 0.478241 0.030729 0.050926 
1 0.397135 0.423611 0.030208 0.052778 
2 0.624740 0.437500 0.030208 0.050926 
