1 0.629427 0.387963 0.029167 0.049074 
0 0.626823 0.449074 0.040404 0.114815 
1 0.291406 0.418519 0.030208 0.052778 
0 0.514323 0.444444 0.038889 0.114815 
0 0.401042 0.442130 0.039394 0.113889 
2 0.738542 0.481481 0.031771 0.050000 
2 0.630469 0.479630 0.030208 0.047222 
0 0.290625 0.438426 0.042929 0.123148 
0 0.740885 0.450000 0.042424 0.123148 
2 0.623958 0.435648 0.030208 0.050926 
2 0.404687 0.473148 0.030729 0.050000 
1 0.397396 0.422222 0.028646 0.050000 
1 0.515885 0.430093 0.029687 0.048148 
1 0.289583 0.468981 0.033333 0.050000 
1 0.514583 0.475463 0.031250 0.049074 
