1 0.629167 0.387963 0.028646 0.049074 
0 0.626823 0.449074 0.039899 0.114815 
1 0.291406 0.418519 0.030208 0.052778 
0 0.513802 0.444444 0.038889 0.114815 
2 0.738542 0.481481 0.030729 0.049074 
0 0.400260 0.440741 0.041919 0.116667 
2 0.630208 0.479630 0.030208 0.047222 
0 0.290365 0.438426 0.043434 0.124074 
2 0.623698 0.435185 0.029687 0.050000 
0 0.740365 0.449537 0.041919 0.122222 
2 0.404167 0.473148 0.032813 0.050926 
1 0.515885 0.430093 0.029687 0.047222 
1 0.514062 0.474537 0.030729 0.050000 
1 0.289062 0.468981 0.033854 0.050000 
1 0.395833 0.423611 0.031250 0.052778 
