2 0.819271 0.367593 0.056250 0.092593
2 0.421875 0.354630 0.048958 0.087037
2 0.625521 0.519444 0.052083 0.083333
0 0.046615 0.449537 0.088021 0.206481
0 0.819271 0.471296 0.077083 0.209259
1 0.421875 0.517130 0.048958 0.078704
1 0.242969 0.509259 0.049479 0.081481
1 0.053125 0.499074 0.057292 0.090741
2 0.231510 0.425926 0.055729 0.090741
0 0.621615 0.465741 0.070312 0.207407
0 0.426823 0.460648 0.069271 0.204630
1 0.813802 0.526389 0.056771 0.086111
0 0.233073 0.453704 0.080729 0.205556
1 0.435156 0.435648 0.045312 0.076852
1 0.615885 0.441204 0.050521 0.084259
1 0.821875 0.448148 0.054167 0.079630
