0 0.731771 0.457407 0.095833 0.274074
0 0.055729 0.445833 0.096875 0.232407
2 0.739583 0.530556 0.069792 0.111111
2 0.472656 0.322685 0.059896 0.106481
0 0.480469 0.453241 0.083854 0.256481
1 0.473177 0.520370 0.060937 0.105556
2 0.986198 0.322222 0.027604 0.111111
1 0.984896 0.540278 0.029167 0.121296
1 0.061458 0.502778 0.064583 0.100000
2 0.250521 0.415278 0.063542 0.106481
1 0.723177 0.426389 0.066146 0.108333
0 0.976562 0.463889 0.044792 0.285185
1 0.263802 0.512963 0.058854 0.090741
1 0.488021 0.425463 0.060417 0.097222
0 0.256510 0.448148 0.086979 0.246296
1 0.988802 0.431944 0.020313 0.095370
