2 0.706250 0.528704 0.071875 0.116667
2 0.442188 0.324537 0.060417 0.104630
1 0.444531 0.518981 0.059896 0.102778
0 0.449740 0.452778 0.083854 0.253704
1 0.978646 0.540741 0.041667 0.127778
2 0.981250 0.305093 0.036458 0.121296
0 0.699219 0.452778 0.097396 0.285185
2 0.241406 0.418981 0.061979 0.100926
0 0.971354 0.455556 0.055208 0.314815
1 0.690365 0.418519 0.069271 0.105556
1 0.083854 0.502315 0.058333 0.087963
1 0.458854 0.427315 0.056250 0.093519
1 0.986198 0.424074 0.026562 0.107407
1 0.254167 0.515741 0.056250 0.090741
0 0.245573 0.449537 0.083854 0.230556
0 0.077344 0.450000 0.083854 0.209259
