2 0.684375 0.526852 0.070833 0.114815
0 0.323437 0.463426 0.065625 0.186111
0 0.681250 0.453704 0.093750 0.281481
1 0.460677 0.517130 0.054688 0.089815
2 0.460417 0.345833 0.051042 0.091667
2 0.318229 0.437500 0.048958 0.082407
1 0.328125 0.511574 0.045833 0.073148
0 0.466667 0.457870 0.073958 0.223148
1 0.675521 0.418981 0.067708 0.106481
1 0.475521 0.434722 0.050000 0.087963
1 0.223958 0.505093 0.040625 0.067593
0 0.976823 0.445370 0.046354 0.359259
1 0.981510 0.542130 0.036979 0.137963
2 0.984115 0.269907 0.031771 0.132407
0 0.221094 0.465741 0.059896 0.159259
