2 0.790625 0.276852 0.092708 0.155556
2 0.268750 0.325926 0.061458 0.103704
1 0.790104 0.539352 0.094792 0.149074
2 0.499479 0.525926 0.068750 0.118519
0 0.275260 0.452778 0.083854 0.250000
0 0.495573 0.448611 0.092188 0.291667
1 0.271354 0.518056 0.063542 0.102778
1 0.492448 0.415278 0.066146 0.110185
2 0.104167 0.424537 0.062500 0.097222
1 0.118750 0.510648 0.059375 0.087963
1 0.810156 0.414352 0.084896 0.130556
0 0.110156 0.453241 0.089063 0.219444
1 0.285417 0.427778 0.059375 0.098148
0 0.796615 0.444907 0.127604 0.352778
