2 0.387760 0.325000 0.059896 0.105556
2 0.962500 0.268519 0.075000 0.170370
2 0.640104 0.528704 0.073958 0.124074
0 0.636198 0.448611 0.099479 0.306481
0 0.394010 0.453241 0.083854 0.250926
1 0.388542 0.521296 0.058333 0.098148
0 0.220833 0.455093 0.078125 0.217593
1 0.970573 0.411111 0.057813 0.122222
1 0.404427 0.424074 0.058854 0.100000
1 0.960677 0.542130 0.078646 0.162037
2 0.216406 0.428241 0.060937 0.099074
1 0.227604 0.512037 0.055208 0.085185
1 0.094531 0.506019 0.054688 0.082407
1 0.629167 0.415278 0.067708 0.112037
0 0.954167 0.440741 0.091667 0.383333
0 0.090625 0.456481 0.077083 0.194444
