2 0.691406 0.529167 0.076563 0.121296
2 0.418750 0.318519 0.061458 0.105556
1 0.421354 0.519444 0.062500 0.107407
0 0.684635 0.449537 0.103646 0.302778
0 0.427865 0.450000 0.085938 0.262963
2 0.983073 0.280093 0.032813 0.132407
2 0.223177 0.417130 0.063021 0.100926
1 0.675521 0.418981 0.070833 0.117593
1 0.982552 0.544444 0.033854 0.138889
1 0.076823 0.502778 0.060937 0.090741
1 0.436198 0.418056 0.053646 0.091667
0 0.226562 0.451852 0.083333 0.229630
1 0.234375 0.512500 0.057292 0.089815
0 0.071615 0.449537 0.081771 0.212037
0 0.976562 0.452315 0.044792 0.345370
1 0.991146 0.414352 0.017708 0.113889
