2 0.960677 0.370833 0.057813 0.087963
2 0.583073 0.355556 0.047396 0.085185
2 0.780729 0.514815 0.051042 0.081481
1 0.956771 0.518519 0.055208 0.081481
1 0.404948 0.341204 0.053646 0.093519
1 0.583594 0.509722 0.049479 0.082407
0 0.957031 0.467593 0.081771 0.201852
2 0.395573 0.431019 0.053646 0.091667
0 0.399479 0.450926 0.068750 0.205556
0 0.589583 0.459722 0.066667 0.202778
1 0.595052 0.431481 0.047396 0.077778
1 0.404427 0.507407 0.049479 0.079630
1 0.767448 0.439352 0.048438 0.080556
0 0.775781 0.463889 0.072396 0.198148
1 0.958854 0.445833 0.051042 0.078704
0 0.193229 0.444444 0.047917 0.211111
