2 0.960677 0.370833 0.057813 0.087963
0 0.207292 0.446296 0.069792 0.205556
2 0.782292 0.363889 0.053125 0.087037
2 0.780729 0.515741 0.051042 0.079630
2 0.395313 0.431019 0.053125 0.091667
1 0.955990 0.518981 0.054688 0.080556
1 0.408073 0.341667 0.051562 0.090741
0 0.957031 0.466667 0.080729 0.198148
1 0.404427 0.507870 0.049479 0.078704
0 0.400781 0.452315 0.067187 0.202778
0 0.588281 0.457870 0.066146 0.200926
1 0.583073 0.509722 0.048438 0.080556
1 0.767448 0.441667 0.046354 0.079630
1 0.593750 0.430556 0.047917 0.077778
0 0.775781 0.460648 0.070312 0.199074
1 0.958854 0.445833 0.051042 0.078704
