2 0.960417 0.372222 0.057292 0.088889
0 0.207813 0.447685 0.072917 0.208333
2 0.782292 0.364815 0.053125 0.087037
2 0.780729 0.516667 0.051042 0.079630
1 0.956510 0.518981 0.054688 0.082407
2 0.395573 0.431019 0.052604 0.091667
1 0.408073 0.343056 0.052604 0.091667
0 0.959375 0.469907 0.080208 0.199074
0 0.400521 0.454630 0.066667 0.203704
1 0.404427 0.507870 0.048438 0.078704
1 0.583073 0.510185 0.048438 0.081481
0 0.588802 0.459259 0.066146 0.200000
1 0.593750 0.431944 0.048958 0.080556
0 0.776042 0.463889 0.069792 0.200000
1 0.767969 0.443519 0.045312 0.075926
1 0.958073 0.447222 0.050521 0.077778
