2 0.397656 0.360648 0.045833 0.079630 
1 0.412760 0.438426 0.045312 0.077778 
1 0.809115 0.523148 0.065625 0.100926 
2 0.812500 0.341204 0.067708 0.110185 
2 0.591146 0.516667 0.053125 0.087037 
2 0.249479 0.437037 0.048958 0.080556 
1 0.399219 0.511111 0.047396 0.077778 
0 0.817708 0.467593 0.090404 0.232407 
0 0.404687 0.463426 0.066162 0.190741 
0 0.587760 0.463889 0.069697 0.205556 
0 0.253646 0.462963 0.063131 0.168519 
1 0.131510 0.500000 0.043229 0.069444 
1 0.583594 0.434259 0.051042 0.084259 
1 0.258594 0.508333 0.044271 0.069444 
1 0.823958 0.439815 0.062500 0.088889 
0 0.131771 0.461574 0.053030 0.150000 
