0 0.840104 0.470370 0.084848 0.226852 
1 0.419271 0.514352 0.048438 0.080556 
0 0.615885 0.467130 0.075253 0.211111 
2 0.838281 0.350463 0.064583 0.106481 
2 0.415885 0.361574 0.049479 0.085185 
0 0.113802 0.457407 0.060101 0.174074 
2 0.620313 0.521296 0.054167 0.087037 
2 0.252604 0.434722 0.049479 0.084259 
0 0.424479 0.465278 0.067172 0.192593 
1 0.115365 0.501389 0.048958 0.075000 
1 0.834375 0.526852 0.061979 0.097222 
1 0.610156 0.438889 0.051042 0.082407 
0 0.258073 0.464352 0.066162 0.174074 
1 0.262500 0.510185 0.045833 0.073148 
1 0.432552 0.439352 0.045312 0.077778 
1 0.845052 0.443519 0.059896 0.086111 
