2 0.460156 0.361574 0.047396 0.084259 
2 0.878906 0.354630 0.064062 0.101852 
2 0.666667 0.520833 0.053646 0.085185 
1 0.462240 0.515278 0.049479 0.080556 
0 0.290885 0.462963 0.067172 0.186111 
0 0.880469 0.470833 0.078788 0.220370 
1 0.875260 0.526852 0.062500 0.093519 
0 0.658854 0.469907 0.074242 0.205556 
0 0.136979 0.456944 0.063636 0.180556 
1 0.297396 0.510648 0.045833 0.074074 
0 0.465365 0.462963 0.066162 0.194444 
2 0.287760 0.433333 0.050521 0.083333 
1 0.139583 0.501852 0.048958 0.076852 
1 0.653125 0.439352 0.050521 0.084259 
1 0.473438 0.438889 0.045312 0.078704 
1 0.885156 0.443981 0.058854 0.088889 
