2 0.953646 0.360185 0.064062 0.099074 
2 0.754687 0.355093 0.054688 0.092593 
1 0.350521 0.336111 0.051562 0.095370 
0 0.341667 0.453241 0.073232 0.206481 
2 0.749740 0.518519 0.055729 0.087963 
1 0.348698 0.507870 0.050521 0.084259 
1 0.535156 0.511111 0.052083 0.087037 
0 0.745573 0.463426 0.074242 0.209259 
2 0.336719 0.428241 0.055208 0.094444 
0 0.542448 0.458796 0.072222 0.202778 
1 0.949219 0.524537 0.061979 0.088889 
0 0.952344 0.468981 0.079293 0.215741 
0 0.145833 0.449537 0.068687 0.199074 
1 0.734635 0.437500 0.052604 0.088889 
1 0.953125 0.443056 0.055729 0.086111 
1 0.549740 0.431481 0.055208 0.085185 
0 0.280469 0.486574 0.041919 0.116667 
