2 0.828646 0.368056 0.055208 0.093519 
2 0.193229 0.418056 0.069271 0.110185 
2 0.643490 0.522222 0.053646 0.088889 
1 0.213802 0.315278 0.063542 0.109259 
1 0.823438 0.525926 0.054688 0.086111 
1 0.423958 0.516667 0.056250 0.093519 
0 0.827083 0.473148 0.072222 0.207407 
2 0.649740 0.355093 0.054167 0.091667 
1 0.207552 0.512500 0.061458 0.098148 
0 0.640885 0.466204 0.074242 0.213889 
0 0.430208 0.460648 0.075758 0.217593 
0 0.200000 0.448148 0.090909 0.233333 
1 0.828125 0.449074 0.051042 0.078704 
1 0.630469 0.437037 0.048438 0.083333 
1 0.436719 0.427778 0.055208 0.093519 
