2 0.914844 0.360185 0.064583 0.100000 
2 0.713542 0.525926 0.057292 0.095370 
2 0.715885 0.347222 0.058854 0.097222 
1 0.264062 0.311574 0.063542 0.109259 
0 0.914323 0.474537 0.078788 0.222222 
1 0.912760 0.530093 0.060937 0.095370 
0 0.708073 0.466204 0.079293 0.230556 
2 0.246875 0.417130 0.067708 0.112037 
0 0.252344 0.448148 0.091414 0.236111 
1 0.480469 0.517593 0.058333 0.099074 
0 0.486979 0.462963 0.075253 0.221296 
1 0.263021 0.512963 0.060937 0.100926 
1 0.492969 0.425463 0.053646 0.092593 
1 0.913802 0.446296 0.057813 0.089815 
1 0.698177 0.437963 0.056771 0.096296 
0 0.192708 0.491667 0.048990 0.137037 
