2 0.956250 0.323611 0.083333 0.129630 
2 0.694271 0.332407 0.062500 0.110185 
0 0.683854 0.464815 0.090404 0.244444 
2 0.689323 0.525463 0.065625 0.103704 
1 0.260937 0.335648 0.057292 0.097222 
2 0.244531 0.428241 0.059896 0.097222 
1 0.949740 0.533333 0.078646 0.115741 
0 0.949219 0.463426 0.097980 0.271296 
1 0.444531 0.518519 0.055729 0.093519 
0 0.251823 0.454630 0.078788 0.212037 
1 0.258594 0.512037 0.052604 0.086111 
0 0.077604 0.451852 0.068182 0.200000 
0 0.452083 0.462037 0.073232 0.223148 
1 0.673438 0.431019 0.060417 0.094444 
1 0.957812 0.429630 0.071875 0.112037 
1 0.460156 0.427315 0.053125 0.099074 
