2 0.920312 0.331019 0.080208 0.125000 
1 0.309635 0.363889 0.047396 0.080556 
2 0.671094 0.347685 0.055729 0.098148 
2 0.296615 0.443519 0.047917 0.082407 
2 0.666406 0.523611 0.058854 0.093519 
0 0.302604 0.468519 0.066667 0.183333 
0 0.923438 0.469907 0.102525 0.250926 
0 0.662760 0.467593 0.080808 0.224074 
1 0.916146 0.531019 0.076563 0.112963 
1 0.454948 0.517593 0.049479 0.084259 
1 0.655469 0.437963 0.055729 0.087963 
1 0.470833 0.437037 0.046875 0.085185 
1 0.308073 0.513889 0.045312 0.072222 
0 0.464323 0.466204 0.069697 0.200000 
1 0.929688 0.437963 0.073958 0.100926 
0 0.172135 0.458796 0.050505 0.151852 
