2 0.834896 0.334722 0.070312 0.117593 
2 0.608594 0.354167 0.052604 0.093519 
2 0.604427 0.520833 0.054688 0.087963 
0 0.839844 0.467593 0.092424 0.242593 
1 0.832031 0.527315 0.070833 0.104630 
2 0.270313 0.444907 0.047396 0.078704 
0 0.601562 0.466667 0.072222 0.209259 
1 0.426042 0.438889 0.046354 0.082407 
0 0.420052 0.465278 0.061111 0.188889 
1 0.595833 0.440278 0.052083 0.084259 
1 0.282552 0.369907 0.045312 0.079630 
1 0.413802 0.514352 0.046875 0.077778 
0 0.275260 0.467593 0.066667 0.169444 
1 0.847656 0.438426 0.068750 0.098148 
1 0.279687 0.511574 0.047396 0.067593 
