2 0.841146 0.334722 0.070833 0.114815 
0 0.845833 0.465741 0.095960 0.244444 
2 0.618490 0.356481 0.051562 0.088889 
2 0.299740 0.446759 0.045833 0.075926 
1 0.838281 0.525926 0.070312 0.104630 
2 0.613542 0.518519 0.052083 0.085185 
1 0.311719 0.377778 0.041146 0.072222 
1 0.854948 0.434722 0.067708 0.099074 
0 0.440625 0.464815 0.060101 0.179630 
1 0.609115 0.438426 0.052604 0.081481 
0 0.304167 0.465741 0.059596 0.158333 
0 0.610677 0.466204 0.072727 0.204630 
1 0.434115 0.512963 0.045312 0.075000 
1 0.446354 0.440741 0.044271 0.077778 
1 0.308594 0.510648 0.043750 0.065741 
0 0.200000 0.464815 0.043939 0.141667 
