2 0.841667 0.335648 0.069792 0.113889 
2 0.618490 0.356481 0.052083 0.091667 
0 0.845573 0.465741 0.096465 0.244444 
2 0.299740 0.446296 0.045833 0.075000 
1 0.837760 0.525463 0.072917 0.107407 
2 0.613802 0.517593 0.052083 0.086111 
0 0.304167 0.464815 0.060101 0.159259 
1 0.854948 0.434722 0.067708 0.098148 
1 0.311979 0.377778 0.041146 0.072222 
1 0.607552 0.438426 0.050000 0.080556 
0 0.440625 0.465278 0.059596 0.179630 
0 0.610417 0.465741 0.069697 0.206481 
1 0.434115 0.512500 0.045833 0.075926 
1 0.446094 0.439352 0.043750 0.075926 
1 0.308854 0.510185 0.042708 0.065741 
