2 0.841667 0.336111 0.070312 0.114815 
2 0.618490 0.356481 0.052083 0.091667 
2 0.300260 0.446296 0.045833 0.074074 
0 0.844271 0.467593 0.096465 0.242593 
1 0.838542 0.525926 0.069792 0.104630 
2 0.613542 0.517593 0.052083 0.085185 
1 0.607292 0.438426 0.050000 0.080556 
0 0.610417 0.465278 0.070707 0.207407 
1 0.434115 0.512500 0.045833 0.075926 
0 0.440365 0.465278 0.060606 0.181481 
1 0.854948 0.434722 0.066667 0.098148 
0 0.304427 0.466204 0.060606 0.162037 
1 0.446354 0.440278 0.044271 0.077778 
1 0.309375 0.510185 0.043750 0.065741 
