2 0.841927 0.336574 0.069792 0.114815 
2 0.618490 0.356481 0.051562 0.090741 
2 0.300521 0.445833 0.045312 0.074074 
0 0.845313 0.467130 0.094949 0.243519 
1 0.838281 0.525926 0.069792 0.104630 
2 0.613542 0.518056 0.052083 0.085185 
1 0.607292 0.437963 0.050000 0.081481 
0 0.610156 0.465278 0.069697 0.205556 
1 0.433854 0.512500 0.045833 0.075926 
0 0.304167 0.466667 0.061111 0.162037 
0 0.440365 0.464815 0.061111 0.180556 
1 0.854688 0.435185 0.067187 0.099074 
1 0.446615 0.440741 0.044792 0.077778 
1 0.309375 0.509722 0.044271 0.065741 
