2 0.841667 0.336111 0.070312 0.114815 
2 0.618490 0.356481 0.052083 0.090741 
0 0.845313 0.468056 0.096465 0.238889 
1 0.838281 0.525926 0.069792 0.103704 
2 0.613281 0.518056 0.052604 0.085185 
0 0.303906 0.467130 0.054040 0.160185 
1 0.607292 0.438426 0.050000 0.080556 
0 0.440365 0.465741 0.060606 0.181481 
0 0.610156 0.465278 0.070707 0.206481 
1 0.434115 0.512500 0.045833 0.075926 
1 0.854948 0.434722 0.067187 0.098148 
1 0.302344 0.506944 0.043229 0.068519 
1 0.446354 0.440278 0.044271 0.076852 
