2 0.842187 0.335648 0.069792 0.113889 
2 0.618490 0.356481 0.051562 0.090741 
0 0.846094 0.465741 0.096465 0.245370 
1 0.837760 0.525463 0.072396 0.105556 
2 0.303125 0.505556 0.042708 0.069444 
2 0.613802 0.518056 0.052083 0.085185 
1 0.854948 0.434259 0.067708 0.098148 
0 0.440365 0.465278 0.061111 0.181481 
1 0.433854 0.512963 0.045312 0.075926 
1 0.607292 0.438426 0.050521 0.081481 
0 0.302604 0.466204 0.056566 0.156481 
0 0.610156 0.465278 0.070202 0.205556 
1 0.446094 0.440741 0.044271 0.076852 
