2 0.841667 0.334259 0.070833 0.114815 
0 0.846094 0.465741 0.095960 0.245370 
1 0.837760 0.525926 0.072396 0.105556 
2 0.302344 0.506019 0.043750 0.070370 
2 0.611979 0.517593 0.053646 0.087963 
0 0.607812 0.462963 0.073232 0.215741 
0 0.303125 0.465278 0.056061 0.158333 
1 0.854948 0.434722 0.067708 0.099074 
1 0.201563 0.503241 0.035417 0.059259 
0 0.200000 0.466204 0.047980 0.140741 
1 0.606771 0.438426 0.050521 0.083333 
1 0.433854 0.510648 0.033333 0.064815 
2 0.433594 0.448611 0.023958 0.054630 
0 0.432552 0.486111 0.039899 0.134259 
