2 0.821354 0.518981 0.051042 0.078704 
0 0.638281 0.464352 0.067677 0.192593 
2 0.443750 0.508333 0.056250 0.091667 
2 0.644010 0.436111 0.048958 0.082407 
1 0.235156 0.506019 0.055729 0.091667 
1 0.978385 0.521296 0.042708 0.078704 
0 0.446875 0.452315 0.071717 0.213889 
2 0.979167 0.449537 0.040104 0.082407 
1 0.633594 0.514352 0.050521 0.081481 
0 0.312760 0.488426 0.042929 0.116667 
0 0.819792 0.468519 0.066162 0.189815 
0 0.976042 0.473611 0.045960 0.186111 
0 0.239063 0.448148 0.072727 0.222222 
