0 0.508984 0.702083 0.082031 0.262500
2 0.061719 0.724306 0.073438 0.112500
1 0.911328 0.783333 0.063281 0.097222
2 0.923828 0.606250 0.064844 0.093056
2 0.050391 0.620833 0.074219 0.111111
1 0.727734 0.771528 0.055469 0.098611
0 0.912109 0.729861 0.100781 0.231944
1 0.511328 0.766667 0.060156 0.108333
2 0.271875 0.742361 0.062500 0.106944
0 0.056641 0.662500 0.105469 0.269444
0 0.735156 0.717361 0.089063 0.243056
1 0.748437 0.681250 0.059375 0.095833
1 0.904687 0.687500 0.065625 0.097222
0 0.273438 0.679861 0.087500 0.262500
