0 0.307422 0.831250 0.083594 0.256944
0 0.532813 0.852083 0.082812 0.259722
0 0.103906 0.827083 0.098437 0.273611
1 0.765625 0.809028 0.059375 0.095833
0 0.927344 0.839583 0.092188 0.237500
1 0.929297 0.897222 0.063281 0.100000
2 0.528516 0.712500 0.057031 0.100000
1 0.746094 0.893750 0.056250 0.098611
1 0.304688 0.792361 0.057813 0.101389
2 0.098437 0.784722 0.067187 0.105556
1 0.542969 0.809028 0.056250 0.098611
0 0.753125 0.843056 0.092188 0.252778
1 0.320312 0.690278 0.059375 0.100000
1 0.526953 0.906250 0.055469 0.104167
2 0.309375 0.892361 0.059375 0.104167
2 0.108984 0.885417 0.067969 0.106944
2 0.934766 0.721528 0.066406 0.098611
1 0.919922 0.801389 0.060156 0.091667
