0 0.516016 0.506944 0.082812 0.240278 
0 0.892578 0.503472 0.092969 0.220833 
1 0.525781 0.472222 0.054688 0.091667 
0 0.076953 0.486806 0.117969 0.266667 
1 0.888281 0.559722 0.057031 0.088889 
1 0.743359 0.474306 0.057031 0.093056 
2 0.510938 0.377083 0.060156 0.102778 
1 0.506250 0.563889 0.052344 0.094444 
1 0.283984 0.456944 0.060156 0.101389 
2 0.091016 0.550000 0.068750 0.104167 
0 0.731250 0.510417 0.087500 0.213889 
1 0.293750 0.356944 0.063281 0.108333 
1 0.717969 0.556250 0.052344 0.091667 
2 0.066797 0.449306 0.071875 0.108333 
2 0.294141 0.553472 0.057031 0.098611 
2 0.916016 0.393056 0.063281 0.094444 
1 0.891797 0.470833 0.058594 0.088889 
0 0.289062 0.495139 0.086719 0.248611 
