0 0.514453 0.597917 0.089844 0.248611
1 0.502734 0.655556 0.055469 0.100000
1 0.720703 0.681250 0.053906 0.095833
1 0.895703 0.704861 0.060156 0.093056
2 0.284766 0.619444 0.058594 0.100000
0 0.285547 0.555556 0.092969 0.247222
1 0.298828 0.416667 0.063281 0.100000
0 0.069922 0.525000 0.105469 0.255556
2 0.513672 0.465972 0.060156 0.101389
1 0.526563 0.562500 0.056250 0.094444
1 0.282031 0.515278 0.060937 0.102778
2 0.917188 0.540972 0.060937 0.095833
1 0.745703 0.598611 0.057031 0.094444
2 0.075391 0.584028 0.071094 0.109722
0 0.900000 0.653472 0.101562 0.223611
2 0.062109 0.481944 0.066406 0.102778
1 0.895312 0.618750 0.060937 0.090278
0 0.732812 0.631944 0.084375 0.241667
