0 0.293750 0.688889 0.089063 0.250000
2 0.518750 0.562500 0.059375 0.102778
2 0.295312 0.751389 0.059375 0.102778
0 0.080469 0.687500 0.106250 0.258333
2 0.928516 0.578472 0.064844 0.098611
0 0.523438 0.703472 0.082812 0.248611
1 0.759375 0.662500 0.059375 0.094444
1 0.741016 0.750000 0.057031 0.100000
1 0.290625 0.645833 0.059375 0.102778
0 0.748437 0.701389 0.087500 0.244444
1 0.305078 0.550000 0.061719 0.102778
2 0.088281 0.747222 0.071875 0.111111
1 0.517969 0.756250 0.056250 0.101389
2 0.075391 0.642361 0.071094 0.106944
1 0.924609 0.751389 0.063281 0.097222
0 0.919922 0.701389 0.097656 0.222222
1 0.535547 0.656250 0.055469 0.095833
1 0.913281 0.659722 0.057813 0.094444
