0 0.543750 0.729861 0.085938 0.256944
1 0.555078 0.692361 0.057031 0.098611
2 0.119922 0.750000 0.066406 0.105556
0 0.115625 0.688194 0.096875 0.245833
1 0.331250 0.568750 0.059375 0.095833
2 0.539844 0.598611 0.059375 0.100000
1 0.763281 0.800694 0.057813 0.101389
2 0.317969 0.766667 0.057813 0.100000
1 0.535937 0.790972 0.056250 0.106944
0 0.950000 0.763889 0.093750 0.238889
0 0.317969 0.706944 0.090625 0.252778
1 0.315234 0.663194 0.060156 0.101389
2 0.110937 0.645833 0.067187 0.102778
1 0.954297 0.815278 0.066406 0.100000
2 0.962109 0.637500 0.069531 0.100000
1 0.782813 0.715278 0.059375 0.086111
1 0.946094 0.718750 0.067187 0.098611
0 0.772266 0.750694 0.089844 0.243056
