0 0.537109 0.730556 0.085156 0.258333
0 0.107031 0.689583 0.100000 0.248611
1 0.529687 0.790972 0.056250 0.104167
1 0.755859 0.801389 0.057031 0.102778
1 0.549219 0.692361 0.056250 0.098611
2 0.535937 0.597222 0.059375 0.102778
1 0.325781 0.568056 0.059375 0.097222
1 0.778516 0.711806 0.055469 0.087500
1 0.309375 0.663889 0.059375 0.100000
2 0.101953 0.645139 0.067969 0.104167
0 0.311719 0.706250 0.085938 0.248611
0 0.765234 0.748611 0.089844 0.238889
0 0.943750 0.764583 0.103125 0.240278
2 0.311328 0.767361 0.058594 0.101389
1 0.945312 0.818750 0.065625 0.098611
2 0.111328 0.747222 0.066406 0.105556
2 0.953516 0.637500 0.069531 0.100000
1 0.933984 0.720139 0.066406 0.098611
