0 0.705078 0.782639 0.061719 0.195833
2 0.876953 0.754861 0.049219 0.076389
1 0.703906 0.831250 0.045312 0.079167
2 0.544922 0.832639 0.042969 0.079167
1 0.543359 0.688194 0.039844 0.070833
1 0.533594 0.756250 0.039062 0.068056
2 0.696875 0.689583 0.043750 0.070833
2 0.872266 0.828472 0.049219 0.076389
2 0.710938 0.757639 0.043750 0.073611
0 0.540625 0.786111 0.059375 0.194444
1 0.209766 0.837500 0.044531 0.080556
1 0.371875 0.834722 0.042188 0.077778
0 0.873828 0.782639 0.069531 0.187500
0 0.205078 0.795139 0.063281 0.181944
1 0.199609 0.764583 0.044531 0.073611
0 0.374609 0.788194 0.058594 0.184722
