1 0.527344 0.687500 0.039062 0.069444
2 0.854297 0.758333 0.049219 0.075000
0 0.851953 0.785417 0.067969 0.190278
2 0.528516 0.831250 0.042969 0.079167
2 0.693359 0.759722 0.044531 0.075000
1 0.180469 0.757639 0.046875 0.073611
2 0.679297 0.690278 0.042969 0.072222
1 0.685937 0.830556 0.043750 0.077778
1 0.518359 0.755556 0.039844 0.069444
2 0.850781 0.831250 0.048438 0.079167
1 0.189062 0.831250 0.048438 0.079167
1 0.354297 0.831250 0.042969 0.076389
0 0.688281 0.785417 0.059375 0.187500
0 0.184766 0.788889 0.066406 0.180556
0 0.523828 0.784028 0.057031 0.190278
0 0.355469 0.790972 0.064062 0.187500
