2 0.828125 0.629861 0.045312 0.068056
0 0.509766 0.662500 0.057031 0.183333
1 0.503906 0.636806 0.037500 0.068056
2 0.822266 0.699306 0.044531 0.073611
2 0.514844 0.706944 0.040625 0.075000
1 0.168750 0.647222 0.046875 0.075000
1 0.512891 0.568750 0.038281 0.070833
1 0.664844 0.703472 0.040625 0.070833
2 0.673828 0.634722 0.041406 0.072222
0 0.667969 0.657639 0.057813 0.179167
1 0.180859 0.718750 0.047656 0.076389
2 0.660937 0.570139 0.040625 0.070833
1 0.344531 0.713194 0.042188 0.076389
0 0.825000 0.656944 0.062500 0.175000
0 0.176953 0.674306 0.064844 0.181944
0 0.347266 0.672222 0.057031 0.183333
