2 0.837109 0.843056 0.047656 0.075000
1 0.173437 0.663889 0.046875 0.072222
2 0.677734 0.803472 0.044531 0.073611
1 0.663672 0.868750 0.044531 0.079167
1 0.519922 0.687500 0.039844 0.069444
2 0.827344 0.913889 0.048438 0.077778
2 0.509375 0.829167 0.043750 0.077778
2 0.669141 0.730556 0.041406 0.072222
1 0.503516 0.753472 0.039844 0.070833
0 0.669141 0.826389 0.066406 0.183333
1 0.175000 0.738889 0.046875 0.080556
0 0.830859 0.872222 0.072656 0.183333
0 0.508984 0.779861 0.067969 0.190278
1 0.337109 0.781944 0.042969 0.077778
0 0.174609 0.695833 0.072656 0.188889
0 0.342187 0.738889 0.075000 0.191667
