2 0.685937 0.775000 0.043750 0.075000
2 0.844922 0.787500 0.049219 0.075000
1 0.522656 0.684028 0.039062 0.070833
1 0.510938 0.753472 0.040625 0.070833
2 0.840234 0.859028 0.047656 0.076389
2 0.519531 0.829167 0.043750 0.077778
1 0.676172 0.843750 0.042969 0.076389
1 0.179297 0.796528 0.049219 0.079167
0 0.842969 0.815278 0.071875 0.183333
1 0.173828 0.721528 0.046094 0.073611
0 0.517188 0.781250 0.060937 0.190278
2 0.674219 0.701389 0.043750 0.075000
0 0.680859 0.796528 0.060156 0.187500
1 0.344141 0.812500 0.042969 0.077778
0 0.175391 0.754861 0.067969 0.181944
0 0.348047 0.770139 0.063281 0.184722
