1 0.507422 0.731250 0.039844 0.068056
2 0.508203 0.878472 0.042969 0.081944
2 0.826172 0.800694 0.046094 0.073611
0 0.153516 0.837500 0.082031 0.194444
0 0.667188 0.828472 0.067187 0.190278
2 0.657031 0.733333 0.040625 0.069444
2 0.332422 0.745833 0.044531 0.077778
2 0.823438 0.871528 0.046875 0.076389
2 0.814844 0.731250 0.045312 0.070833
2 0.341016 0.811806 0.041406 0.068056
1 0.497656 0.800000 0.040625 0.069444
1 0.146094 0.809028 0.050000 0.079167
1 0.326172 0.882639 0.046094 0.081944
1 0.663672 0.875000 0.042969 0.077778
2 0.166406 0.734722 0.051562 0.080556
2 0.671484 0.802083 0.042969 0.073611
1 0.156250 0.885417 0.051562 0.084722
0 0.332031 0.835417 0.067187 0.195833
0 0.824219 0.826389 0.068750 0.186111
0 0.503516 0.831944 0.063281 0.194444
