1 0.493750 0.724306 0.040625 0.070833
2 0.326562 0.813889 0.040625 0.069444
2 0.808203 0.779861 0.044531 0.073611
2 0.657031 0.788194 0.042188 0.073611
1 0.650781 0.861111 0.042188 0.077778
0 0.651563 0.813889 0.059375 0.191667
2 0.496094 0.871528 0.043750 0.079167
2 0.804688 0.850694 0.046875 0.076389
1 0.484766 0.793750 0.039844 0.070833
2 0.642188 0.720833 0.040625 0.069444
2 0.796484 0.713194 0.044531 0.070833
1 0.313281 0.884722 0.045312 0.083333
2 0.317578 0.747222 0.044531 0.077778
1 0.139453 0.897222 0.052344 0.086111
0 0.491797 0.825000 0.060156 0.191667
0 0.317969 0.839583 0.067187 0.195833
1 0.127734 0.819444 0.050781 0.086111
2 0.149609 0.741667 0.050781 0.083333
0 0.136719 0.845139 0.084375 0.204167
0 0.805078 0.806250 0.066406 0.181944
