1 0.506641 0.793750 0.041406 0.070833
1 0.515625 0.722917 0.039062 0.070833
0 0.676953 0.814583 0.060156 0.193056
2 0.682031 0.788889 0.043750 0.075000
2 0.839063 0.779167 0.046875 0.075000
1 0.675781 0.862500 0.043750 0.077778
0 0.514062 0.822917 0.060937 0.193056
2 0.666797 0.718750 0.041406 0.070833
2 0.836328 0.852083 0.049219 0.076389
2 0.519531 0.871528 0.043750 0.081944
2 0.826172 0.711806 0.046094 0.073611
2 0.351172 0.812500 0.038281 0.069444
2 0.341797 0.745139 0.044531 0.076389
1 0.160156 0.816667 0.050000 0.083333
1 0.338281 0.882639 0.045312 0.081944
0 0.167187 0.844444 0.079687 0.205556
2 0.176563 0.740278 0.050000 0.080556
1 0.170313 0.893750 0.050000 0.084722
0 0.342969 0.838194 0.064062 0.193056
0 0.840625 0.800694 0.076563 0.187500
