1 0.507812 0.790972 0.040625 0.070833
1 0.517969 0.720139 0.039062 0.070833
0 0.678125 0.824306 0.059375 0.190278
2 0.683594 0.797917 0.043750 0.076389
2 0.843359 0.801389 0.049219 0.075000
1 0.676172 0.870139 0.044531 0.079167
0 0.515234 0.820833 0.060156 0.191667
0 0.839063 0.826389 0.071875 0.188889
2 0.839453 0.875000 0.047656 0.077778
1 0.338281 0.864583 0.045312 0.084722
2 0.354297 0.798611 0.038281 0.069444
2 0.830859 0.731944 0.047656 0.075000
1 0.171875 0.861806 0.048438 0.081944
2 0.182031 0.712500 0.048438 0.080556
2 0.519531 0.868750 0.043750 0.081944
2 0.346094 0.729167 0.043750 0.075000
0 0.344531 0.815972 0.065625 0.193056
2 0.669531 0.727778 0.042188 0.072222
0 0.172656 0.809722 0.076563 0.197222
1 0.164453 0.787500 0.049219 0.080556
