2 0.422656 0.804167 0.042188 0.077778
2 0.715625 0.721528 0.040625 0.065278
1 0.233203 0.817361 0.047656 0.084722
1 0.423438 0.660417 0.039062 0.070833
2 0.710938 0.787500 0.040625 0.069444
1 0.037500 0.826389 0.059375 0.091667
2 0.578906 0.726389 0.039062 0.069444
1 0.412891 0.729861 0.039844 0.070833
2 0.707422 0.661111 0.038281 0.066667
0 0.573438 0.747917 0.053125 0.176389
2 0.050391 0.663889 0.058594 0.088889
2 0.239453 0.675694 0.049219 0.079167
1 0.570703 0.795139 0.038281 0.070833
2 0.567187 0.662500 0.037500 0.066667
0 0.712109 0.743750 0.058594 0.168056
0 0.238672 0.768750 0.074219 0.201389
1 0.027344 0.744444 0.053125 0.094444
0 0.418359 0.757639 0.058594 0.193056
0 0.042578 0.776389 0.083594 0.227778
2 0.248438 0.746528 0.045312 0.073611
