2 0.197656 0.577083 0.051562 0.062500
1 0.187500 0.638542 0.043750 0.060417
1 0.199219 0.696875 0.045312 0.060417
0 0.193750 0.656250 0.065625 0.150000
2 0.357031 0.567708 0.045312 0.056250
2 0.350000 0.626042 0.043750 0.060417
1 0.357812 0.681250 0.043750 0.058333
0 0.351562 0.645833 0.062500 0.141667
2 0.520312 0.671875 0.043750 0.056250
0 0.517969 0.637500 0.064062 0.141667
1 0.675781 0.560417 0.042188 0.058333
2 0.688281 0.612500 0.045312 0.054167
2 0.679688 0.663542 0.043750 0.052083
1 0.875781 0.650000 0.045312 0.062500
0 0.870313 0.615625 0.062500 0.135417
0 0.683594 0.627083 0.064062 0.133333
