2 0.237500 0.553125 0.046875 0.064583
1 0.225000 0.614583 0.050000 0.066667
1 0.238281 0.667708 0.045312 0.060417
0 0.232813 0.628125 0.059375 0.147917
2 0.396094 0.546875 0.042188 0.060417
2 0.387500 0.605208 0.046875 0.060417
1 0.394531 0.663542 0.048438 0.060417
0 0.389062 0.626042 0.062500 0.143750
2 0.557031 0.656250 0.042188 0.054167
0 0.553125 0.620833 0.062500 0.137500
1 0.714063 0.545833 0.043750 0.066667
2 0.725781 0.601042 0.045312 0.056250
2 0.714844 0.652083 0.045312 0.058333
0 0.720313 0.616667 0.062500 0.133333
1 0.916406 0.644792 0.045312 0.056250
0 0.911719 0.609375 0.064062 0.131250
