2 0.139844 0.490625 0.051562 0.064583
1 0.123438 0.553125 0.053125 0.064583
1 0.139844 0.610417 0.051562 0.058333
0 0.132031 0.569792 0.060937 0.147917
2 0.307031 0.491667 0.045312 0.062500
2 0.296094 0.547917 0.051562 0.062500
1 0.304688 0.604167 0.046875 0.058333
0 0.299219 0.569792 0.064062 0.143750
2 0.469531 0.602083 0.042188 0.058333
0 0.466406 0.567708 0.060937 0.139583
1 0.627344 0.497917 0.045312 0.066667
2 0.636719 0.548958 0.045312 0.056250
2 0.627344 0.600000 0.045312 0.054167
0 0.631250 0.565625 0.059375 0.131250
1 0.817969 0.595833 0.042188 0.054167
0 0.817969 0.563542 0.060937 0.131250
