2 0.196094 0.553125 0.045312 0.068750
1 0.182031 0.616667 0.048438 0.066667
1 0.196094 0.671875 0.048438 0.064583
0 0.189844 0.632292 0.064062 0.147917
2 0.356250 0.547917 0.046875 0.062500
2 0.346875 0.605208 0.046875 0.060417
1 0.356250 0.661458 0.046875 0.056250
0 0.351562 0.627083 0.065625 0.145833
2 0.518750 0.656250 0.046875 0.062500
0 0.515625 0.621875 0.062500 0.139583
1 0.672656 0.544792 0.045312 0.064583
2 0.685937 0.596875 0.040625 0.060417
2 0.675000 0.648958 0.040625 0.052083
0 0.679688 0.613542 0.065625 0.139583
1 0.872656 0.640625 0.045312 0.056250
0 0.869531 0.606250 0.064062 0.137500
