2 0.220312 0.517708 0.046875 0.068750
1 0.210156 0.575000 0.048438 0.062500
1 0.220312 0.630208 0.046875 0.064583
0 0.215625 0.593750 0.062500 0.154167
2 0.380469 0.515625 0.045312 0.060417
2 0.369531 0.571875 0.048438 0.056250
1 0.378906 0.629167 0.048438 0.062500
0 0.374219 0.594792 0.064062 0.143750
2 0.539062 0.627083 0.043750 0.058333
0 0.536719 0.591667 0.060937 0.137500
1 0.698438 0.518750 0.046875 0.062500
2 0.707031 0.571875 0.045312 0.052083
2 0.699219 0.626042 0.045312 0.056250
0 0.703906 0.588542 0.060937 0.131250
1 0.896875 0.618750 0.046875 0.058333
0 0.896875 0.585417 0.065625 0.133333
