2 0.209375 0.475000 0.046875 0.066667
1 0.198437 0.538542 0.056250 0.060417
1 0.212500 0.591667 0.053125 0.058333
2 0.370312 0.469792 0.043750 0.064583
2 0.360156 0.529167 0.045312 0.058333
0 0.208594 0.552083 0.073438 0.150000
1 0.367969 0.586458 0.048438 0.056250
0 0.365625 0.548958 0.059375 0.139583
2 0.529687 0.578125 0.040625 0.056250
0 0.530469 0.541667 0.057813 0.137500
1 0.689844 0.466667 0.045312 0.062500
2 0.700000 0.519792 0.043750 0.056250
2 0.689844 0.571875 0.045312 0.056250
0 0.695312 0.539583 0.062500 0.137500
1 0.889062 0.563542 0.050000 0.060417
0 0.887500 0.530208 0.065625 0.135417
