2 0.199219 0.511458 0.048438 0.060417
1 0.186719 0.570833 0.054688 0.066667
1 0.199219 0.626042 0.051562 0.064583
0 0.198437 0.589583 0.068750 0.145833
2 0.360938 0.511458 0.043750 0.056250
2 0.350781 0.566667 0.048438 0.058333
1 0.358594 0.621875 0.045312 0.060417
0 0.355469 0.588542 0.064062 0.143750
2 0.521875 0.622917 0.046875 0.058333
0 0.519531 0.586458 0.060937 0.135417
1 0.679688 0.518750 0.043750 0.070833
2 0.690625 0.570833 0.040625 0.058333
2 0.679688 0.621875 0.043750 0.060417
0 0.683594 0.586458 0.057813 0.135417
1 0.873437 0.619792 0.046875 0.060417
0 0.875781 0.586458 0.064062 0.135417
