0 0.161719 0.577083 0.067187 0.145833
1 0.154688 0.558333 0.050000 0.062500
1 0.170313 0.614583 0.046875 0.058333
0 0.327344 0.564583 0.067187 0.141667
2 0.322656 0.542708 0.048438 0.060417
1 0.332031 0.601042 0.045312 0.056250
0 0.492188 0.554167 0.062500 0.137500
2 0.495312 0.589583 0.043750 0.058333
0 0.657031 0.543750 0.060937 0.133333
1 0.650781 0.473958 0.045312 0.060417
2 0.662500 0.528125 0.040625 0.056250
2 0.653125 0.580208 0.040625 0.047917
0 0.847656 0.532292 0.064062 0.131250
2 0.850000 0.464583 0.046875 0.058333
2 0.842187 0.517708 0.043750 0.052083
1 0.852344 0.566667 0.039062 0.050000
