0 0.171875 0.561458 0.071875 0.147917
1 0.164844 0.542708 0.045312 0.060417
1 0.178906 0.600000 0.048438 0.058333
0 0.334375 0.553125 0.065625 0.143750
2 0.329688 0.532292 0.046875 0.064583
1 0.339062 0.589583 0.046875 0.058333
0 0.500000 0.543750 0.062500 0.137500
2 0.503125 0.579167 0.043750 0.058333
0 0.664844 0.535417 0.060937 0.133333
1 0.658594 0.466667 0.045312 0.062500
2 0.670312 0.517708 0.043750 0.056250
2 0.661719 0.570833 0.042188 0.054167
0 0.856250 0.526042 0.062500 0.131250
2 0.859375 0.457292 0.046875 0.060417
2 0.851562 0.511458 0.043750 0.056250
1 0.861719 0.559375 0.039062 0.052083
