1 0.233203 0.928472 0.043750 0.079167 
2 0.546094 0.929167 0.038281 0.066667 
1 0.046875 0.930556 0.051562 0.090278 
0 0.398828 0.886111 0.055469 0.183333 
0 0.235937 0.883333 0.065625 0.194444 
2 0.670312 0.927778 0.039062 0.065278 
1 0.401172 0.931250 0.039844 0.075000 
0 0.540625 0.888194 0.056250 0.175000 
1 0.662891 0.804167 0.038281 0.062500 
0 0.663281 0.888889 0.060156 0.161111 
0 0.051562 0.881944 0.079687 0.213889 
1 0.533203 0.860417 0.036719 0.066667 
2 0.660937 0.862500 0.039062 0.065278 
