1 0.258203 0.894444 0.042969 0.079167 
2 0.568750 0.911111 0.039062 0.068056 
0 0.421094 0.861111 0.055469 0.179167 
1 0.423047 0.904861 0.039844 0.073611 
0 0.562500 0.871528 0.056250 0.168056 
2 0.697656 0.915278 0.039844 0.066667 
0 0.261328 0.850000 0.064062 0.186111 
0 0.085938 0.841667 0.075000 0.201389 
1 0.080469 0.888194 0.049219 0.084722 
2 0.689063 0.850000 0.043750 0.069444 
1 0.691016 0.788889 0.039062 0.061111 
0 0.692187 0.872917 0.062500 0.163889 
1 0.558594 0.840972 0.038281 0.066667 
