1 0.251172 0.885417 0.042188 0.079167 
2 0.559766 0.897917 0.037500 0.066667 
0 0.414453 0.850694 0.054688 0.180556 
1 0.416016 0.894444 0.039062 0.073611 
0 0.255469 0.843056 0.064844 0.186111 
1 0.072656 0.882639 0.048438 0.086111 
0 0.682422 0.859722 0.059375 0.159722 
0 0.554688 0.859028 0.053906 0.161111 
2 0.676953 0.835417 0.040625 0.063889 
1 0.680469 0.777083 0.037500 0.061111 
0 0.076953 0.836806 0.075781 0.201389 
2 0.686328 0.899306 0.040625 0.068056 
1 0.549609 0.829167 0.037500 0.063889 
