1 0.266016 0.852778 0.042188 0.076389 
0 0.428906 0.836111 0.056250 0.180556 
2 0.580469 0.904167 0.039844 0.070833 
1 0.710938 0.795139 0.041406 0.062500 
1 0.431250 0.881250 0.039062 0.073611 
0 0.270703 0.810417 0.067187 0.184722 
2 0.714844 0.924306 0.044531 0.070833 
2 0.704297 0.856944 0.042188 0.068056 
0 0.575391 0.863194 0.057031 0.170833 
0 0.709766 0.883333 0.064844 0.170833 
1 0.093750 0.825694 0.047656 0.080556 
1 0.569531 0.833333 0.039844 0.068056 
0 0.094531 0.781250 0.083594 0.193056 
