0 0.257031 0.865972 0.065625 0.187500 
1 0.695703 0.803472 0.039844 0.063889 
2 0.706641 0.935417 0.042969 0.069444 
0 0.419531 0.878472 0.056250 0.179167 
1 0.422266 0.920833 0.039844 0.073611 
2 0.572266 0.927778 0.039844 0.069444 
1 0.254688 0.908333 0.044531 0.079167 
2 0.693359 0.867361 0.042188 0.069444 
0 0.565625 0.885417 0.057813 0.169444 
0 0.698828 0.893056 0.067187 0.168056 
0 0.075391 0.852778 0.085156 0.200000 
1 0.558594 0.857639 0.039062 0.068056 
1 0.075781 0.897222 0.049219 0.084722 
