0 0.423047 0.904167 0.055469 0.181944 
2 0.699219 0.895139 0.042969 0.070833 
1 0.255859 0.932639 0.046094 0.081944 
2 0.577344 0.955556 0.040625 0.070833 
2 0.713281 0.962500 0.043750 0.072222 
0 0.258594 0.890972 0.067969 0.187500 
0 0.569922 0.915278 0.059375 0.168056 
1 0.075000 0.921528 0.050781 0.083333 
0 0.705469 0.917361 0.068750 0.163889 
1 0.424609 0.946528 0.039844 0.076389 
1 0.701172 0.831944 0.040625 0.062500 
0 0.077344 0.875000 0.080469 0.200000 
1 0.562891 0.884028 0.039844 0.066667 
