1 0.227344 0.874306 0.042969 0.077778 
1 0.392578 0.865278 0.038281 0.070833 
0 0.229687 0.831250 0.061719 0.183333 
1 0.647656 0.725694 0.037500 0.056944 
2 0.533594 0.853472 0.037500 0.065278 
0 0.389453 0.822917 0.053125 0.172222 
2 0.656250 0.844444 0.038281 0.062500 
0 0.650781 0.806944 0.058594 0.152778 
1 0.043359 0.888194 0.052344 0.087500 
0 0.048438 0.840972 0.079687 0.198611 
2 0.644922 0.785417 0.037500 0.063889 
0 0.527734 0.812500 0.053906 0.161111 
1 0.521484 0.788889 0.036719 0.063889 
