1 0.235547 0.904861 0.042969 0.077778 
1 0.669141 0.804167 0.038281 0.061111 
1 0.401172 0.917361 0.039844 0.073611 
0 0.541797 0.883333 0.056250 0.168056 
2 0.664844 0.864583 0.040625 0.068056 
2 0.675391 0.929861 0.039844 0.065278 
0 0.239453 0.861111 0.067187 0.184722 
2 0.547266 0.922917 0.039062 0.068056 
1 0.055469 0.895139 0.051562 0.084722 
0 0.396484 0.873611 0.060156 0.180556 
0 0.669531 0.890278 0.060156 0.162500 
0 0.058203 0.849306 0.080469 0.201389 
1 0.536719 0.855556 0.038281 0.066667 
