2 0.664844 0.862500 0.040625 0.066667 
1 0.235937 0.904167 0.042969 0.077778 
0 0.541797 0.881944 0.055469 0.166667 
2 0.547656 0.920833 0.039062 0.068056 
2 0.675391 0.927778 0.039844 0.066667 
1 0.402344 0.915972 0.039062 0.075000 
0 0.398438 0.871528 0.056250 0.176389 
1 0.669141 0.802778 0.037500 0.061111 
0 0.669531 0.888889 0.060156 0.161111 
0 0.239063 0.860417 0.065625 0.186111 
1 0.056641 0.894444 0.053125 0.086111 
0 0.058594 0.848611 0.081250 0.201389 
1 0.536328 0.852778 0.037500 0.065278 
