2 0.567187 0.878472 0.039062 0.068056
2 0.568750 0.747917 0.040625 0.068056
0 0.562891 0.834722 0.057031 0.169444
0 0.419531 0.813889 0.057813 0.177778
2 0.685937 0.828472 0.040625 0.065278
2 0.695312 0.892361 0.040625 0.068056
1 0.422266 0.858333 0.038281 0.072222
1 0.258203 0.836111 0.041406 0.072222
0 0.690625 0.851389 0.060937 0.161111
1 0.690625 0.768750 0.039062 0.059722
0 0.261328 0.789583 0.066406 0.184722
1 0.083594 0.811111 0.053125 0.080556
1 0.556250 0.807639 0.037500 0.065278
0 0.085938 0.765972 0.085938 0.195833
2 0.262500 0.762500 0.043750 0.077778
