2 0.568359 0.737500 0.039844 0.066667
1 0.260547 0.843056 0.042969 0.075000
0 0.566016 0.825694 0.060156 0.165278
0 0.263672 0.802083 0.066406 0.176389
2 0.697266 0.875000 0.041406 0.066667
2 0.569922 0.868750 0.036719 0.070833
0 0.423828 0.812500 0.052344 0.172222
0 0.692969 0.837500 0.062500 0.161111
1 0.690625 0.751389 0.040625 0.061111
1 0.558984 0.800000 0.038281 0.066667
1 0.085547 0.828472 0.052344 0.081944
2 0.264062 0.769444 0.043750 0.075000
0 0.088672 0.783333 0.074219 0.197222
1 0.425781 0.856250 0.039062 0.070833
2 0.687109 0.811111 0.041406 0.066667
