2 0.552344 0.615278 0.039062 0.066667
0 0.244141 0.688889 0.057031 0.175000
1 0.403516 0.734722 0.036719 0.069444
1 0.244141 0.728472 0.041406 0.070833
0 0.401953 0.693056 0.050781 0.166667
0 0.547266 0.699306 0.058594 0.165278
2 0.675781 0.682639 0.040625 0.065278
2 0.550781 0.740278 0.035937 0.066667
0 0.680859 0.709028 0.061719 0.156944
1 0.682422 0.623611 0.039844 0.058333
2 0.683984 0.745139 0.039844 0.065278
1 0.540625 0.677778 0.037500 0.063889
2 0.244531 0.661111 0.042188 0.069444
0 0.076172 0.678472 0.064844 0.176389
1 0.074609 0.720139 0.046094 0.073611
