0 0.195312 0.781250 0.062500 0.190278
1 0.360547 0.800000 0.038281 0.069444
1 0.621484 0.648611 0.036719 0.058333
2 0.500781 0.657639 0.037500 0.065278
1 0.195703 0.820139 0.042969 0.070833
0 0.357812 0.759722 0.053125 0.169444
2 0.630078 0.763889 0.036719 0.063889
2 0.505859 0.781944 0.036719 0.063889
0 0.500781 0.744444 0.057813 0.158333
0 0.625000 0.729861 0.054688 0.151389
1 0.491797 0.720139 0.035156 0.062500
1 0.018359 0.843056 0.035156 0.083333
2 0.618750 0.706250 0.035937 0.062500
2 0.192969 0.752083 0.046875 0.076389
0 0.025781 0.797222 0.048438 0.197222
