2 0.524219 0.759722 0.035937 0.063889
2 0.519531 0.636806 0.037500 0.065278
0 0.217578 0.750000 0.060156 0.180556
2 0.646875 0.745139 0.037500 0.062500
1 0.638672 0.629167 0.035156 0.058333
1 0.382812 0.775000 0.037500 0.069444
0 0.640625 0.709028 0.062500 0.148611
1 0.218359 0.793750 0.041406 0.070833
1 0.032813 0.815972 0.051562 0.084722
0 0.517188 0.721528 0.060937 0.156944
2 0.216406 0.722222 0.043750 0.075000
0 0.378125 0.735417 0.053125 0.168056
2 0.635938 0.686806 0.037500 0.062500
0 0.037500 0.767361 0.071875 0.195833
1 0.510938 0.700000 0.035937 0.063889
