1 0.625391 0.625000 0.035156 0.055556
2 0.512109 0.631250 0.036719 0.062500
2 0.633984 0.737500 0.036719 0.061111
2 0.517188 0.750694 0.035937 0.062500
0 0.510547 0.713889 0.053906 0.155556
1 0.214062 0.785417 0.042188 0.073611
0 0.628516 0.702083 0.057031 0.145833
1 0.503516 0.691667 0.035156 0.061111
0 0.375781 0.727778 0.053125 0.169444
2 0.212891 0.713889 0.044531 0.077778
1 0.378516 0.768056 0.036719 0.066667
0 0.033203 0.759722 0.063281 0.200000
2 0.622656 0.681250 0.035937 0.059722
0 0.214062 0.746528 0.059375 0.184722
1 0.028516 0.808333 0.055469 0.086111
