0 0.069922 0.624306 0.102344 0.256944
1 0.748047 0.628472 0.058594 0.095833
0 0.906641 0.665972 0.105469 0.223611
0 0.514062 0.654167 0.081250 0.263889
1 0.905469 0.720139 0.062500 0.095833
1 0.724609 0.712500 0.053906 0.097222
1 0.903125 0.631250 0.062500 0.093056
1 0.514062 0.715972 0.056250 0.101389
2 0.924609 0.551389 0.066406 0.094444
2 0.064062 0.580556 0.071875 0.108333
0 0.737891 0.665972 0.089844 0.245833
2 0.282813 0.695139 0.059375 0.101389
2 0.080469 0.682639 0.068750 0.106944
0 0.284766 0.637500 0.080469 0.263889
