2 0.646094 0.540741 0.035937 0.061111
1 0.355729 0.496296 0.035417 0.064815
1 0.927604 0.575463 0.041667 0.067593
0 0.931771 0.538889 0.072917 0.162963
2 0.785677 0.556019 0.040104 0.065741
0 0.790885 0.519907 0.068229 0.163889
2 0.494531 0.518519 0.036979 0.062963
2 0.346354 0.431019 0.039583 0.067593
2 0.795833 0.492130 0.040625 0.065741
0 0.498698 0.476852 0.058854 0.162963
1 0.506510 0.453241 0.036979 0.062037
0 0.351302 0.453241 0.056771 0.163889
1 0.648438 0.475000 0.039583 0.068519
0 0.647135 0.499074 0.058854 0.162963
