1 0.836979 0.572685 0.036458 0.062037
0 0.286979 0.419444 0.056250 0.150000
2 0.280469 0.396296 0.038021 0.061111
0 0.565625 0.481019 0.051042 0.149074
2 0.564323 0.520833 0.033854 0.056481
0 0.704427 0.507407 0.061979 0.151852
1 0.288802 0.459259 0.033854 0.057407
2 0.714323 0.428704 0.039062 0.064815
0 0.844010 0.539815 0.070312 0.159259
2 0.707812 0.490278 0.038542 0.058333
2 0.698698 0.545833 0.036979 0.060185
2 0.419010 0.488889 0.034896 0.057407
0 0.425000 0.450926 0.052083 0.150000
1 0.565625 0.456944 0.037500 0.062037
1 0.432812 0.428241 0.032292 0.056481
