2 0.401823 0.517593 0.034896 0.059259
2 0.534635 0.541204 0.035937 0.062037
0 0.542448 0.506944 0.060937 0.152778
2 0.245573 0.487037 0.039062 0.064815
0 0.252604 0.444907 0.059375 0.162037
0 0.095573 0.411111 0.063021 0.166667
2 0.546875 0.423148 0.036458 0.061111
1 0.666927 0.565278 0.034896 0.062037
0 0.670833 0.529630 0.058333 0.146296
0 0.402865 0.477315 0.057813 0.158333
2 0.088281 0.390741 0.044271 0.072222
1 0.259896 0.425000 0.036458 0.062963
2 0.544271 0.483333 0.035417 0.061111
1 0.099740 0.456481 0.040104 0.066667
1 0.400000 0.454630 0.036458 0.062963
