0 0.616927 0.486111 0.061979 0.164815
2 0.610156 0.520833 0.038021 0.063889
2 0.620313 0.396759 0.039583 0.067593
0 0.325260 0.436111 0.055729 0.155556
1 0.190625 0.452315 0.035417 0.062037
0 0.187760 0.413426 0.055729 0.152778
2 0.319271 0.476389 0.036458 0.060185
2 0.470833 0.500926 0.034375 0.057407
0 0.765625 0.509259 0.063542 0.164815
0 0.470052 0.462500 0.050521 0.156481
1 0.759115 0.543519 0.039062 0.066667
2 0.180990 0.391667 0.036979 0.064815
2 0.619271 0.459722 0.037500 0.062037
1 0.466927 0.434722 0.035937 0.063889
1 0.333073 0.412963 0.033854 0.061111
