1 0.865625 0.530093 0.053125 0.084259
2 0.676042 0.495370 0.043750 0.074074
2 0.528125 0.469444 0.035417 0.061111
2 0.688281 0.356019 0.044271 0.078704
0 0.280208 0.387037 0.046875 0.138889
0 0.393229 0.403704 0.048958 0.148148
0 0.871354 0.484722 0.086458 0.197222
2 0.388281 0.443056 0.033854 0.058333
1 0.284896 0.420833 0.033333 0.054630
0 0.684115 0.454167 0.066146 0.176852
0 0.526302 0.429167 0.053646 0.158333
2 0.689323 0.426852 0.043229 0.072222
1 0.523177 0.405556 0.039062 0.066667
2 0.276042 0.367130 0.034375 0.058333
1 0.397396 0.384259 0.033333 0.061111
