1 0.816406 0.507870 0.049479 0.082407
2 0.630729 0.472222 0.043750 0.072222
0 0.483594 0.404630 0.055729 0.161111
2 0.345573 0.418056 0.034896 0.058333
2 0.642708 0.331019 0.044792 0.075000
2 0.645052 0.402315 0.045312 0.073148
0 0.823698 0.462500 0.082812 0.193519
0 0.638021 0.425463 0.065625 0.182407
2 0.485677 0.446296 0.034896 0.061111
0 0.349479 0.378704 0.053125 0.150000
1 0.478385 0.378704 0.039062 0.064815
0 0.238021 0.359259 0.050000 0.137037
1 0.242969 0.396759 0.033854 0.056481
2 0.234115 0.337963 0.035937 0.057407
1 0.357031 0.358333 0.035937 0.061111
