2 0.526823 0.576389 0.051562 0.089815
2 0.512500 0.666667 0.052083 0.096296
2 0.524479 0.487500 0.055208 0.093519
0 0.518490 0.613889 0.079687 0.227778
2 0.099479 0.611111 0.058333 0.088889
1 0.723698 0.692130 0.053646 0.097222
0 0.315885 0.583333 0.083854 0.227778
2 0.316146 0.640741 0.047917 0.085185
1 0.328125 0.467130 0.055208 0.093519
0 0.726562 0.640741 0.085417 0.231481
1 0.113021 0.438889 0.064583 0.103704
0 0.110156 0.559259 0.090104 0.225926
1 0.306771 0.556481 0.053125 0.090741
1 0.121875 0.527778 0.055208 0.087037
