2 0.632031 0.498148 0.079687 0.133333
2 0.612500 0.743981 0.076042 0.134259
2 0.358594 0.665741 0.059896 0.111111
0 0.129427 0.522685 0.106771 0.267593
0 0.357292 0.594444 0.106250 0.294444
1 0.127604 0.385185 0.073958 0.122222
1 0.143750 0.490741 0.063542 0.100000
2 0.117448 0.587037 0.063021 0.105556
1 0.371875 0.443519 0.067708 0.120370
1 0.347396 0.551852 0.067708 0.114815
0 0.631250 0.673611 0.126042 0.326852
2 0.633073 0.620833 0.074479 0.121296
1 0.934115 0.834259 0.093229 0.146296
0 0.934375 0.767130 0.131250 0.382407
