0 0.621354 0.475463 0.055208 0.147222
1 0.163281 0.526852 0.053646 0.088889
2 0.352604 0.521759 0.043750 0.073148
2 0.628646 0.394907 0.034375 0.062037
0 0.154427 0.472685 0.083854 0.223148
2 0.503646 0.518981 0.033333 0.058333
0 0.355208 0.474074 0.070833 0.190741
0 0.508073 0.475463 0.058854 0.163889
2 0.618750 0.512963 0.033333 0.059259
1 0.159635 0.355093 0.057813 0.093519
1 0.710156 0.507407 0.031771 0.053704
1 0.507552 0.454630 0.034896 0.062963
1 0.362240 0.449074 0.045312 0.072222
1 0.512500 0.389352 0.036458 0.063889
1 0.359375 0.371759 0.046875 0.086111
2 0.623177 0.454167 0.033854 0.056481
0 0.714323 0.478241 0.051562 0.134259
2 0.146875 0.443056 0.059375 0.091667
