1 0.235677 0.579630 0.051562 0.087037
2 0.415625 0.549537 0.043750 0.075000
2 0.679688 0.385185 0.037500 0.062963
1 0.415365 0.402778 0.046354 0.079630
1 0.228125 0.412037 0.054167 0.092593
0 0.677083 0.468056 0.048958 0.141667
1 0.564323 0.393981 0.039062 0.065741
2 0.675260 0.504630 0.033854 0.061111
0 0.417448 0.506019 0.063021 0.184259
2 0.219271 0.499074 0.056250 0.088889
0 0.563021 0.485648 0.055208 0.160185
0 0.226823 0.529167 0.082812 0.217593
2 0.561979 0.525463 0.034375 0.058333
0 0.766667 0.453704 0.047917 0.131481
1 0.765104 0.486574 0.033333 0.056481
1 0.422396 0.475926 0.041667 0.070370
1 0.563021 0.461111 0.037500 0.066667
2 0.676562 0.443519 0.034375 0.057407
