1 0.254427 0.604167 0.054688 0.093519
1 0.244010 0.428241 0.057813 0.099074
2 0.714323 0.518519 0.035937 0.062963
1 0.442708 0.412500 0.048958 0.087963
1 0.598958 0.403704 0.040625 0.070370
1 0.450000 0.492130 0.042708 0.076852
2 0.720052 0.393056 0.041146 0.069444
2 0.441406 0.570370 0.044271 0.079630
0 0.716667 0.477778 0.055208 0.159259
2 0.235677 0.520370 0.057813 0.098148
0 0.597396 0.497685 0.054167 0.169444
0 0.244792 0.549537 0.085417 0.230556
0 0.446354 0.518519 0.065625 0.203704
2 0.595573 0.543519 0.036979 0.064815
1 0.597396 0.475000 0.038542 0.070370
2 0.715625 0.456481 0.035417 0.061111
1 0.808333 0.495833 0.034375 0.058333
0 0.811198 0.463426 0.054688 0.141667
