1 0.318750 0.589815 0.051042 0.090741
2 0.768750 0.368981 0.041667 0.069444
1 0.291927 0.423148 0.054688 0.092593
2 0.646094 0.431019 0.041146 0.067593
1 0.870573 0.318519 0.039062 0.064815
0 0.868229 0.280556 0.066667 0.162963
1 0.634896 0.287963 0.042708 0.072222
0 0.490625 0.452315 0.082292 0.204630
0 0.303125 0.539815 0.100000 0.237037
0 0.643750 0.383796 0.071875 0.187963
2 0.293490 0.512500 0.057813 0.093519
0 0.765885 0.327315 0.069271 0.173148
2 0.762500 0.236111 0.043750 0.072222
2 0.763802 0.303241 0.040104 0.065741
2 0.493229 0.504167 0.042708 0.080556
1 0.493750 0.427315 0.044792 0.073148
1 0.641146 0.363426 0.042708 0.071296
1 0.478646 0.349074 0.051042 0.083333
