0 0.673438 0.487963 0.057292 0.175926
1 0.335417 0.408796 0.047917 0.084259
0 0.922917 0.468056 0.065625 0.158333
0 0.804688 0.479630 0.062500 0.159259
2 0.671354 0.537500 0.038542 0.067593
1 0.512500 0.403704 0.046875 0.081481
2 0.325781 0.492593 0.049479 0.087037
1 0.672396 0.398611 0.042708 0.067593
1 0.339323 0.568981 0.048438 0.080556
2 0.807292 0.391204 0.043750 0.073148
2 0.806250 0.520370 0.039583 0.064815
0 0.332031 0.517130 0.071354 0.204630
2 0.511719 0.550000 0.044271 0.074074
0 0.513802 0.502315 0.063021 0.191667
2 0.805729 0.458333 0.039583 0.064815
1 0.922917 0.507407 0.039583 0.064815
1 0.671615 0.468981 0.040104 0.069444
1 0.520833 0.480556 0.041667 0.068519
