1 0.728906 0.751389 0.056250 0.102778
2 0.929297 0.595833 0.066406 0.097222
0 0.512500 0.675000 0.084375 0.255556
2 0.055469 0.581250 0.073438 0.109722
1 0.914062 0.770139 0.065625 0.101389
1 0.512500 0.740972 0.059375 0.106944
0 0.916016 0.715278 0.105469 0.238889
2 0.068359 0.684028 0.071094 0.109722
0 0.062891 0.623611 0.102344 0.261111
1 0.751953 0.662500 0.061719 0.097222
0 0.740625 0.700000 0.087500 0.230556
2 0.275391 0.707639 0.060156 0.104167
1 0.902734 0.673611 0.060156 0.094444
0 0.275391 0.645833 0.089844 0.255556
