1 0.269271 0.707407 0.055208 0.098148
1 0.252344 0.527778 0.057813 0.098148
1 0.625260 0.513426 0.043229 0.078704
1 0.621875 0.434722 0.043750 0.075000
1 0.453646 0.479167 0.050000 0.089815
2 0.758854 0.396759 0.044792 0.076852
2 0.760677 0.536574 0.041146 0.073148
0 0.257292 0.653704 0.094792 0.244444
2 0.245833 0.624537 0.060417 0.097222
2 0.461198 0.642593 0.046354 0.087037
2 0.757552 0.468519 0.039062 0.068519
0 0.759635 0.490741 0.056771 0.179630
0 0.462240 0.585648 0.078646 0.219444
0 0.626563 0.539352 0.068750 0.195370
2 0.628125 0.586574 0.040625 0.069444
0 0.868490 0.457407 0.067187 0.166667
1 0.871354 0.493519 0.038542 0.064815
1 0.466406 0.557870 0.046354 0.082407
