1 0.251302 0.366667 0.064062 0.105556
2 0.465365 0.597222 0.053646 0.092593
1 0.243750 0.574537 0.064583 0.108333
2 0.804427 0.627315 0.048438 0.080556
2 0.823177 0.475463 0.051562 0.082407
1 0.671875 0.449074 0.050000 0.085185
1 0.482292 0.507407 0.055208 0.090741
2 0.654948 0.614352 0.047396 0.080556
1 0.481510 0.412500 0.057813 0.099074
0 0.930208 0.597685 0.080208 0.178704
0 0.239063 0.505093 0.101042 0.278704
1 0.663802 0.534722 0.051562 0.087963
0 0.809635 0.581019 0.081771 0.195370
0 0.660677 0.564815 0.084896 0.218519
2 0.228646 0.473611 0.066667 0.112037
2 0.812500 0.551389 0.046875 0.076852
0 0.474479 0.536574 0.088542 0.241667
1 0.924740 0.636111 0.046354 0.074074
