0 0.535156 0.694907 0.101562 0.297222
1 0.542448 0.531019 0.064062 0.110185
2 0.744271 0.543056 0.066667 0.104630
2 0.726302 0.738889 0.057813 0.103704
2 0.731771 0.640741 0.057292 0.098148
1 0.531250 0.647222 0.064583 0.114815
0 0.735677 0.678241 0.090104 0.252778
2 0.224479 0.795370 0.088542 0.153704
1 0.868750 0.719907 0.053125 0.095370
2 0.526302 0.760185 0.059896 0.109259
1 0.257552 0.642593 0.076563 0.133333
1 0.245052 0.506481 0.092188 0.155556
0 0.878385 0.673148 0.100521 0.220370
0 0.234115 0.708333 0.146354 0.370370
