2 0.145313 0.423611 0.060417 0.089815
2 0.731250 0.367130 0.055208 0.095370
1 0.337500 0.514352 0.051042 0.082407
2 0.336719 0.355093 0.048438 0.089815
2 0.542188 0.518981 0.052083 0.082407
1 0.728906 0.525926 0.051562 0.083333
0 0.733854 0.469444 0.071875 0.211111
0 0.343490 0.460648 0.070312 0.206481
1 0.157812 0.511111 0.047917 0.079630
0 0.537760 0.462963 0.068229 0.205556
0 0.150781 0.455556 0.078646 0.205556
1 0.352083 0.439352 0.048958 0.084259
1 0.532292 0.437500 0.045833 0.076852
1 0.736198 0.447685 0.050521 0.075000
