2 0.586979 0.355556 0.047917 0.087037
2 0.803125 0.522222 0.056250 0.087037
1 0.588802 0.513889 0.051562 0.085185
0 0.593750 0.460648 0.069792 0.208333
2 0.399479 0.427778 0.050000 0.088889
1 0.228906 0.500463 0.049479 0.084259
2 0.989062 0.364352 0.020833 0.087963
0 0.224219 0.450000 0.070312 0.198148
1 0.986719 0.528704 0.025521 0.090741
0 0.979167 0.471759 0.040625 0.215741
0 0.404167 0.455093 0.065625 0.204630
0 0.797135 0.465278 0.078646 0.212037
1 0.409375 0.511574 0.044792 0.076852
1 0.600781 0.434722 0.050521 0.082407
1 0.989844 0.448148 0.018229 0.075926
1 0.788021 0.437037 0.048958 0.085185
