2 0.685156 0.365278 0.047396 0.080556
1 0.319271 0.503241 0.055208 0.091667
2 0.854948 0.518519 0.048438 0.072222
0 0.314844 0.447222 0.074479 0.214815
2 0.508854 0.430093 0.051042 0.087963
2 0.986198 0.392130 0.027604 0.076852
0 0.511719 0.457870 0.065104 0.204630
1 0.986198 0.520370 0.027604 0.072222
1 0.514844 0.511574 0.046354 0.078704
0 0.978646 0.474074 0.040625 0.174074
0 0.850260 0.471296 0.070312 0.183333
1 0.840885 0.448611 0.045312 0.071296
0 0.688802 0.465278 0.066146 0.189815
1 0.684375 0.512963 0.046875 0.079630
1 0.985938 0.458333 0.026042 0.064815
1 0.689583 0.439352 0.046875 0.075000
