2 0.353125 0.360185 0.048958 0.083333
2 0.753125 0.356019 0.058333 0.099074
1 0.353646 0.512037 0.048958 0.081481
2 0.551302 0.517593 0.052604 0.083333
2 0.183073 0.431481 0.053646 0.085185
0 0.547917 0.464352 0.067708 0.213889
0 0.358594 0.461574 0.066146 0.200926
1 0.193750 0.508796 0.048958 0.076852
1 0.036719 0.500000 0.052604 0.079630
0 0.188281 0.460185 0.069271 0.185185
0 0.754687 0.466204 0.079167 0.226852
1 0.365625 0.434722 0.043750 0.073148
1 0.748698 0.521759 0.059896 0.091667
0 0.036198 0.456019 0.066146 0.182407
1 0.542448 0.436574 0.048438 0.080556
1 0.760417 0.442593 0.055208 0.085185
