1 0.100000 0.512963 0.090625 0.140741
2 0.795052 0.405093 0.040104 0.065741
2 0.560937 0.358796 0.046875 0.082407
0 0.791667 0.479630 0.054167 0.150000
0 0.090625 0.427315 0.133333 0.332407
1 0.561198 0.517593 0.048438 0.083333
2 0.377865 0.416204 0.061979 0.106481
0 0.564063 0.464815 0.068750 0.201852
2 0.700000 0.519444 0.042708 0.068519
1 0.565625 0.437500 0.045833 0.076852
0 0.694271 0.474074 0.061458 0.166667
0 0.378906 0.450463 0.084896 0.252778
1 0.382812 0.519907 0.059375 0.097222
1 0.791667 0.518056 0.039583 0.062037
1 0.686719 0.452315 0.040104 0.065741
1 0.789583 0.461574 0.037500 0.056481
