1 0.049219 0.512963 0.095312 0.148148
2 0.337500 0.417130 0.063542 0.106481
0 0.516927 0.464815 0.065104 0.194444
2 0.514323 0.363889 0.045312 0.079630
0 0.340885 0.450463 0.081771 0.250926
2 0.723698 0.410648 0.035937 0.060185
2 0.641146 0.517593 0.038542 0.064815
1 0.344010 0.518981 0.058854 0.099074
0 0.720573 0.480093 0.048438 0.137963
0 0.054688 0.422222 0.108333 0.351852
1 0.515104 0.516204 0.048958 0.080556
1 0.721094 0.516204 0.036979 0.056481
0 0.635156 0.475000 0.054688 0.161111
1 0.517708 0.438889 0.045833 0.075926
1 0.629427 0.453704 0.039062 0.062963
1 0.720052 0.464815 0.028646 0.046296
