2 0.836458 0.405556 0.040625 0.066667
1 0.183333 0.511111 0.078125 0.127778
0 0.603906 0.467130 0.065104 0.195370
0 0.835677 0.479630 0.059896 0.150000
2 0.600521 0.363889 0.044792 0.079630
2 0.428125 0.421759 0.059375 0.100926
2 0.740104 0.519444 0.041667 0.068519
1 0.601042 0.517593 0.047917 0.079630
0 0.430729 0.453704 0.077083 0.235185
0 0.177083 0.435185 0.107292 0.290741
1 0.433073 0.518056 0.054688 0.089815
1 0.833854 0.517593 0.040625 0.062963
1 0.604948 0.439815 0.045312 0.075926
0 0.733333 0.473611 0.060417 0.169444
1 0.727344 0.452778 0.040104 0.066667
1 0.832031 0.466204 0.039062 0.052778
