2 0.658854 0.360648 0.045833 0.084259
1 0.280469 0.503241 0.056771 0.095370
0 0.276042 0.448148 0.075000 0.224074
2 0.842187 0.518056 0.051042 0.076852
0 0.979427 0.473148 0.040104 0.177778
2 0.986198 0.382870 0.026562 0.076852
1 0.985677 0.520370 0.028646 0.075926
0 0.836458 0.467593 0.073958 0.190741
0 0.477865 0.453704 0.068229 0.209259
1 0.659896 0.513426 0.050000 0.080556
1 0.827344 0.442593 0.048438 0.079630
2 0.474479 0.425926 0.050000 0.087037
0 0.663281 0.462500 0.068229 0.199074
1 0.484896 0.512963 0.048958 0.081481
1 0.666406 0.438426 0.047396 0.073148
1 0.986719 0.452778 0.025521 0.068519
