2 0.753125 0.342130 0.064583 0.108333
2 0.354427 0.360185 0.046354 0.077778
0 0.757031 0.462037 0.085938 0.244444
1 0.750260 0.525926 0.065104 0.100000
1 0.355208 0.510648 0.048958 0.076852
2 0.539062 0.517130 0.053125 0.086111
0 0.359635 0.461111 0.065104 0.188889
0 0.535937 0.460185 0.071875 0.212963
1 0.365885 0.437037 0.046354 0.077778
0 0.214844 0.458333 0.066146 0.175926
1 0.764583 0.438426 0.061458 0.093519
2 0.211198 0.434722 0.048438 0.078704
1 0.219271 0.506481 0.046875 0.070370
1 0.100781 0.498148 0.046354 0.068519
1 0.532031 0.431481 0.050521 0.081481
0 0.095052 0.457870 0.064062 0.160185
