0 0.206510 0.449074 0.071354 0.205556
2 0.960156 0.371759 0.057813 0.087963
2 0.780729 0.514815 0.051042 0.081481
2 0.582812 0.355556 0.046875 0.085185
1 0.956250 0.518519 0.055208 0.081481
2 0.395573 0.427778 0.052604 0.090741
0 0.958854 0.469907 0.082292 0.200926
1 0.583073 0.509722 0.049479 0.082407
1 0.212500 0.498148 0.053125 0.087037
0 0.588802 0.459722 0.067187 0.197222
1 0.404948 0.507870 0.049479 0.080556
0 0.399740 0.452778 0.069271 0.203704
1 0.593750 0.431944 0.047917 0.076852
0 0.774740 0.465741 0.072396 0.203704
1 0.958333 0.445833 0.051042 0.078704
1 0.767448 0.440278 0.049479 0.080556
