2 0.960677 0.371296 0.057813 0.088889
2 0.395573 0.427315 0.052604 0.093519
1 0.956510 0.518519 0.054688 0.081481
2 0.780729 0.514815 0.051042 0.081481
2 0.583073 0.355556 0.047396 0.085185
1 0.583594 0.510185 0.049479 0.081481
0 0.958333 0.468056 0.069792 0.193519
0 0.401042 0.452778 0.070833 0.205556
1 0.405729 0.506944 0.048958 0.080556
0 0.589063 0.457407 0.067708 0.200000
1 0.594271 0.432407 0.047917 0.077778
1 0.767448 0.439352 0.049479 0.080556
0 0.775781 0.463426 0.072396 0.197222
1 0.958854 0.445370 0.051042 0.077778
