0 0.207813 0.449537 0.071875 0.200926
2 0.960677 0.370833 0.057813 0.087963
1 0.956250 0.518981 0.055208 0.082407
2 0.780729 0.514815 0.051042 0.081481
2 0.583333 0.356019 0.047917 0.086111
1 0.584375 0.510185 0.051042 0.087037
2 0.394271 0.431481 0.053125 0.096296
1 0.404427 0.342593 0.051562 0.088889
0 0.959375 0.469444 0.079167 0.198148
0 0.586458 0.461574 0.073958 0.199074
1 0.595052 0.432870 0.048438 0.080556
0 0.775781 0.462500 0.069271 0.200926
1 0.767448 0.439352 0.048438 0.080556
1 0.959115 0.445833 0.051562 0.078704
