2 0.771875 0.337037 0.067708 0.109259
1 0.768490 0.525000 0.069271 0.103704
2 0.232552 0.437037 0.048438 0.079630
2 0.369271 0.362037 0.044792 0.079630
2 0.551823 0.515741 0.053646 0.087037
0 0.776042 0.456944 0.089583 0.252778
0 0.375260 0.461111 0.064062 0.194444
1 0.370052 0.510648 0.047396 0.076852
0 0.236719 0.460648 0.063021 0.173148
1 0.783854 0.433796 0.063542 0.095370
0 0.549479 0.457870 0.070833 0.215741
1 0.126562 0.497685 0.043750 0.069444
1 0.382812 0.436111 0.042708 0.068519
0 0.121354 0.457407 0.060417 0.157407
1 0.545312 0.431481 0.052083 0.083333
1 0.239844 0.506019 0.043229 0.067593
