0 0.207552 0.446759 0.072396 0.206481
2 0.960677 0.370833 0.057813 0.087963
2 0.782031 0.363889 0.053646 0.087037
2 0.780729 0.515741 0.051042 0.079630
1 0.956510 0.518519 0.054688 0.081481
2 0.395573 0.431019 0.053646 0.091667
1 0.407552 0.343056 0.051562 0.087963
0 0.399740 0.453704 0.069271 0.205556
0 0.955729 0.468981 0.075000 0.197222
1 0.404167 0.508333 0.050000 0.079630
1 0.583333 0.509722 0.048958 0.080556
1 0.593490 0.429630 0.047396 0.077778
0 0.588802 0.459722 0.066146 0.200926
0 0.776302 0.462037 0.072396 0.201852
1 0.766667 0.442130 0.050000 0.082407
1 0.958854 0.445833 0.051042 0.078704
