0 0.541797 0.702083 0.085156 0.259722
0 0.955859 0.734028 0.088281 0.243056
2 0.970703 0.609028 0.058594 0.101389
1 0.965625 0.796528 0.065625 0.104167
2 0.101562 0.618056 0.068750 0.105556
2 0.111719 0.717361 0.067187 0.106944
1 0.767188 0.778472 0.059375 0.104167
1 0.790234 0.687500 0.061719 0.100000
0 0.106250 0.657639 0.095312 0.251389
1 0.544141 0.767361 0.058594 0.106944
2 0.308984 0.737500 0.058594 0.102778
1 0.958984 0.695833 0.071094 0.102778
0 0.777344 0.724306 0.096875 0.259722
0 0.310937 0.677083 0.085938 0.256944
