1 0.923828 0.718056 0.064844 0.097222
0 0.925391 0.662500 0.105469 0.233333
0 0.521484 0.650000 0.083594 0.258333
2 0.067969 0.584028 0.070312 0.106944
1 0.738281 0.711111 0.056250 0.100000
1 0.522266 0.713889 0.057031 0.105556
0 0.076953 0.623611 0.105469 0.261111
2 0.082812 0.686806 0.068750 0.109722
1 0.758594 0.620833 0.060937 0.097222
2 0.937891 0.542361 0.067969 0.098611
0 0.747266 0.656944 0.089844 0.252778
2 0.287500 0.695139 0.059375 0.101389
1 0.917969 0.625000 0.062500 0.091667
0 0.287109 0.634028 0.086719 0.256944
