0 0.750781 0.690972 0.090625 0.234722
0 0.523047 0.699306 0.083594 0.248611
1 0.742969 0.744444 0.056250 0.100000
2 0.517969 0.562500 0.059375 0.102778
1 0.305078 0.554167 0.060156 0.100000
0 0.294141 0.693750 0.089844 0.251389
2 0.297266 0.756250 0.058594 0.104167
2 0.089063 0.758333 0.070312 0.111111
2 0.929688 0.564583 0.065625 0.098611
1 0.519922 0.757639 0.057031 0.104167
2 0.075781 0.656250 0.071875 0.106944
1 0.925391 0.740278 0.063281 0.097222
1 0.760547 0.654861 0.060156 0.095833
0 0.082422 0.696528 0.103906 0.256944
1 0.291016 0.650000 0.061719 0.108333
0 0.921094 0.684028 0.103125 0.223611
1 0.535547 0.656944 0.055469 0.097222
1 0.916016 0.647222 0.069531 0.097222
