0 0.533594 0.738194 0.084375 0.256944
0 0.302734 0.737500 0.092969 0.252778
1 0.754687 0.779167 0.056250 0.100000
0 0.091406 0.741667 0.103125 0.255556
2 0.525391 0.600000 0.060156 0.102778
1 0.528906 0.797222 0.057813 0.105556
2 0.083594 0.699306 0.073438 0.106944
2 0.097266 0.801389 0.069531 0.111111
1 0.311719 0.594444 0.060937 0.100000
2 0.304688 0.798611 0.060937 0.105556
1 0.771484 0.688889 0.060156 0.094444
1 0.941016 0.775694 0.064844 0.098611
2 0.940625 0.595833 0.068750 0.097222
1 0.298828 0.690972 0.061719 0.104167
1 0.544531 0.693750 0.056250 0.101389
0 0.760156 0.728472 0.084375 0.245833
0 0.932813 0.717361 0.096875 0.223611
1 0.928516 0.678472 0.066406 0.095833
