1 0.333984 0.559722 0.057031 0.100000
2 0.123828 0.732639 0.064844 0.104167
1 0.785937 0.711111 0.062500 0.100000
2 0.541016 0.593750 0.060156 0.101389
0 0.951562 0.765278 0.095312 0.238889
2 0.115234 0.634722 0.067969 0.100000
1 0.556250 0.686806 0.057813 0.098611
1 0.765234 0.800694 0.057031 0.101389
1 0.536719 0.786806 0.056250 0.104167
2 0.319922 0.757639 0.058594 0.101389
2 0.964453 0.639583 0.067969 0.098611
0 0.319922 0.695139 0.088281 0.245833
0 0.546094 0.725000 0.090625 0.258333
1 0.956641 0.819444 0.066406 0.100000
1 0.318359 0.654167 0.058594 0.100000
0 0.120703 0.673611 0.097656 0.244444
0 0.774609 0.745139 0.089844 0.251389
1 0.947266 0.722222 0.071094 0.100000
