1 0.666016 0.840278 0.042969 0.077778
2 0.675391 0.770139 0.042969 0.073611
1 0.161328 0.745833 0.047656 0.075000
0 0.164453 0.778472 0.067969 0.187500
1 0.513281 0.691667 0.039062 0.069444
2 0.832812 0.778472 0.046875 0.073611
0 0.508594 0.786806 0.057813 0.190278
1 0.502344 0.758333 0.039062 0.069444
2 0.826562 0.848611 0.046875 0.075000
1 0.168750 0.820833 0.050000 0.080556
0 0.829297 0.808333 0.067969 0.175000
0 0.669141 0.795139 0.061719 0.190278
1 0.337109 0.827778 0.042969 0.077778
2 0.511719 0.836111 0.042188 0.080556
2 0.662891 0.702778 0.041406 0.072222
0 0.339844 0.781944 0.062500 0.186111
