1 0.508984 0.720139 0.039844 0.070833
1 0.662891 0.871528 0.042969 0.079167
0 0.664844 0.825000 0.064062 0.194444
1 0.159375 0.856250 0.048438 0.084722
1 0.151172 0.778472 0.049219 0.079167
2 0.658984 0.729861 0.041406 0.070833
0 0.155469 0.809722 0.071875 0.191667
1 0.497656 0.788889 0.040625 0.072222
1 0.330859 0.861806 0.044531 0.079167
2 0.827344 0.802778 0.046875 0.072222
2 0.822656 0.877083 0.046875 0.076389
2 0.507422 0.867361 0.042969 0.081944
2 0.671484 0.800000 0.042969 0.072222
0 0.503516 0.818750 0.058594 0.198611
0 0.824609 0.831250 0.066406 0.187500
0 0.332813 0.815278 0.067187 0.191667
