1 0.528906 0.713194 0.039062 0.070833
2 0.529297 0.859722 0.042969 0.080556
2 0.694922 0.785417 0.044531 0.076389
2 0.681250 0.715278 0.040625 0.072222
1 0.353516 0.859028 0.042969 0.079167
1 0.687500 0.859722 0.043750 0.080556
2 0.856641 0.783333 0.049219 0.075000
1 0.178906 0.783333 0.046875 0.075000
1 0.519141 0.781250 0.039844 0.070833
2 0.852734 0.858333 0.047656 0.077778
1 0.187109 0.859722 0.047656 0.080556
0 0.855078 0.813889 0.067969 0.183333
0 0.184375 0.815972 0.067187 0.190278
0 0.689453 0.809722 0.064844 0.200000
0 0.525391 0.812500 0.057031 0.191667
0 0.358594 0.811806 0.070312 0.184722
