1 0.527344 0.602778 0.039062 0.069444
1 0.186328 0.681250 0.044531 0.073611
2 0.849219 0.661111 0.046875 0.072222
2 0.678516 0.600000 0.041406 0.069444
1 0.683203 0.737500 0.041406 0.075000
0 0.846484 0.688889 0.067969 0.180556
2 0.529297 0.740972 0.041406 0.073611
2 0.690625 0.666667 0.043750 0.072222
2 0.842969 0.731250 0.046875 0.073611
0 0.685156 0.690278 0.060937 0.186111
1 0.197266 0.751389 0.046094 0.077778
1 0.518750 0.668750 0.039062 0.068056
1 0.358594 0.747222 0.040625 0.075000
0 0.190625 0.712500 0.065625 0.180556
0 0.523828 0.696528 0.055469 0.181944
0 0.359375 0.705556 0.060937 0.169444
