1 0.515625 0.687500 0.037500 0.069444
1 0.678906 0.761806 0.042188 0.073611
2 0.846484 0.690972 0.047656 0.073611
2 0.526172 0.762500 0.041406 0.077778
2 0.687500 0.692361 0.043750 0.073611
1 0.525000 0.621528 0.039062 0.070833
1 0.180859 0.693056 0.046094 0.075000
1 0.191797 0.763889 0.047656 0.080556
2 0.675391 0.624306 0.041406 0.070833
2 0.839844 0.761111 0.046875 0.075000
1 0.355078 0.763194 0.041406 0.073611
0 0.681641 0.717361 0.060156 0.187500
0 0.842187 0.718056 0.068750 0.177778
0 0.521484 0.717361 0.058594 0.190278
0 0.187500 0.722222 0.065625 0.186111
0 0.356250 0.720833 0.062500 0.175000
