2 0.818359 0.611111 0.046094 0.072222
2 0.508203 0.686806 0.039844 0.073611
2 0.666406 0.615972 0.040625 0.068056
0 0.660547 0.638889 0.058594 0.175000
1 0.507031 0.550000 0.039062 0.069444
1 0.657422 0.683333 0.039844 0.072222
2 0.654687 0.550000 0.040625 0.069444
1 0.160938 0.625000 0.046875 0.075000
0 0.815625 0.637500 0.065625 0.169444
1 0.498047 0.616667 0.038281 0.066667
0 0.503516 0.642361 0.057031 0.176389
1 0.172266 0.697222 0.046094 0.077778
2 0.811719 0.677778 0.045312 0.072222
1 0.337891 0.692361 0.041406 0.076389
0 0.166797 0.654167 0.069531 0.180556
0 0.338281 0.649306 0.057813 0.176389
