1 0.470313 0.698611 0.039062 0.072222
1 0.458984 0.767361 0.039844 0.068056
0 0.464844 0.795139 0.059375 0.190278
2 0.775000 0.781250 0.043750 0.070833
2 0.770703 0.850000 0.042969 0.072222
2 0.628125 0.776389 0.040625 0.069444
1 0.099219 0.752778 0.053125 0.080556
1 0.619922 0.847222 0.041406 0.072222
1 0.106250 0.832639 0.053125 0.084722
0 0.622266 0.800000 0.057031 0.183333
2 0.616016 0.709028 0.039844 0.068056
2 0.467578 0.842361 0.042969 0.079167
0 0.772266 0.804861 0.063281 0.176389
0 0.103125 0.787500 0.075000 0.194444
1 0.287500 0.837500 0.045312 0.080556
0 0.291016 0.796528 0.069531 0.201389
