2 0.894531 0.834028 0.053125 0.079167
1 0.541406 0.834028 0.042188 0.073611
1 0.550781 0.762500 0.040625 0.072222
2 0.708203 0.763889 0.044531 0.075000
0 0.548438 0.864583 0.062500 0.198611
2 0.553906 0.913889 0.045312 0.083333
1 0.209375 0.915278 0.046875 0.083333
2 0.879297 0.762500 0.050781 0.077778
0 0.718359 0.863194 0.066406 0.201389
1 0.371875 0.915278 0.043750 0.083333
0 0.895312 0.868750 0.084375 0.193056
2 0.892188 0.912500 0.053125 0.083333
2 0.723437 0.836806 0.046875 0.079167
2 0.221484 0.765278 0.046094 0.077778
2 0.378125 0.777778 0.043750 0.075000
0 0.208594 0.867361 0.076563 0.198611
1 0.717578 0.913194 0.046094 0.081944
2 0.385156 0.845833 0.042188 0.069444
1 0.200391 0.839583 0.046094 0.076389
0 0.378125 0.868750 0.065625 0.190278
