1 0.542969 0.784028 0.040625 0.073611
1 0.533594 0.856250 0.042188 0.070833
2 0.714844 0.856944 0.046875 0.075000
0 0.712500 0.884028 0.071875 0.201389
1 0.187109 0.868750 0.047656 0.081944
1 0.709375 0.932639 0.046875 0.084722
0 0.882422 0.884028 0.082031 0.195833
0 0.542188 0.890278 0.065625 0.200000
2 0.883984 0.850000 0.052344 0.080556
2 0.698438 0.783333 0.043750 0.075000
2 0.375391 0.870833 0.041406 0.069444
2 0.367969 0.802083 0.043750 0.076389
0 0.365625 0.895833 0.065625 0.188889
2 0.868359 0.777778 0.050781 0.077778
2 0.546484 0.938194 0.046094 0.084722
2 0.208984 0.794444 0.047656 0.083333
1 0.196094 0.946528 0.048438 0.084722
2 0.881250 0.927778 0.053125 0.083333
0 0.196094 0.897222 0.075000 0.197222
1 0.362500 0.942361 0.045312 0.081944
