2 0.839453 0.814583 0.046094 0.072222 
1 0.341016 0.866667 0.042969 0.081944 
2 0.355078 0.795139 0.039844 0.066667 
0 0.835547 0.839583 0.065625 0.188889 
2 0.830078 0.745139 0.047656 0.075000 
1 0.177734 0.858333 0.049219 0.083333 
1 0.520312 0.727778 0.039844 0.069444 
1 0.672656 0.879167 0.042969 0.077778 
2 0.518359 0.872917 0.042969 0.077778 
2 0.681641 0.806944 0.042969 0.072222 
2 0.348438 0.732639 0.042188 0.075000 
2 0.669531 0.738194 0.041406 0.069444 
2 0.189062 0.713194 0.048438 0.080556 
1 0.508203 0.795139 0.040625 0.070833 
0 0.514453 0.825000 0.060937 0.193056 
0 0.346094 0.821528 0.064844 0.188889 
1 0.167969 0.784722 0.047656 0.077778 
2 0.833203 0.885417 0.046875 0.077778 
0 0.176172 0.806250 0.074219 0.209722 
0 0.676172 0.831944 0.060156 0.190278 
